>AHR_HUMAN.H11MO.0.B	AHR
41	11	22	3	1	3	0	0	43
18	12	44	1	150	1	3	0	67
56	35	21	146	1	149	1	154	16
39	96	67	4	2	1	150	0	28
>AIRE_HUMAN.H11MO.0.C	AIRE
16	8	6	2	0	13	16	15	14	21	16	9	0	0	9	3	18	17
11	8	6	0	0	2	4	6	3	4	2	6	1	0	4	8	1	11
5	6	8	36	33	1	1	6	6	6	3	3	36	40	10	8	7	4
9	19	21	3	8	25	20	14	18	10	20	23	4	1	18	22	15	9
>ALX1_HUMAN.H11MO.0.B	ALX1
14	2	24	27	0	1	15	11	24	3	2	25
6	3	1	2	3	7	0	8	0	0	1	2
8	0	3	0	0	4	16	11	4	1	1	2
3	26	3	2	28	19	0	1	3	27	27	2
>ANDR_HUMAN.H11MO.0.A	AR
74	31	34	94	39	61	90	99	88	100	36	127	14	9	4	210	43	145
35	24	33	86	366	139	67	89	96	128	7	15	11	3	4	14	262	79
18	388	7	72	18	16	98	108	111	60	7	345	10	49	32	247	24	27
372	56	425	247	76	283	244	203	204	211	449	12	464	438	459	28	170	248
>AP2A_HUMAN.H11MO.0.A	TFAP2A
207	116	88	5	0	0	25	1	268	71	0	24	154	256	119
93	46	48	260	500	450	56	0	19	0	0	278	191	47	75
97	67	235	216	0	0	7	398	205	428	500	190	46	102	104
103	271	129	19	0	50	412	101	8	1	0	8	109	95	202
>AP2B_HUMAN.H11MO.0.B	TFAP2B
1	0	0	3	2	9	2	0	5	6
0	18	27	16	1	9	1	0	3	12
22	7	0	0	25	10	24	28	19	7
5	3	1	9	0	0	1	0	1	3
>AP2C_HUMAN.H11MO.0.A	TFAP2C
193	98	92	5	2	1	25	18	277	37	0	14	157	214
101	62	50	253	494	476	66	0	13	0	0	309	175	85
135	83	259	236	4	1	13	458	208	462	499	171	49	121
71	257	99	6	0	22	396	24	2	1	1	6	119	80
>ARI5B_HUMAN.H11MO.0.C	ARID5B
3	2	0	0	5	3	0	13	0	0	2	2	4
2	4	4	2	1	1	0	0	2	1	4	1	2
5	6	3	5	5	10	0	2	0	1	8	4	6
5	3	8	8	4	1	15	0	13	13	1	8	3
>ARNT_HUMAN.H11MO.0.B	ARNT
76	69	351	5	3	0	0	178	77
142	37	15	474	1	0	3	263	251
215	121	123	1	495	1	496	12	72
67	273	11	20	1	499	1	47	100
>ASCL1_HUMAN.H11MO.0.A	ASCL1
91	105	106	3	471	3	4	4	2	4	39	49	63	80
210	118	122	471	2	295	470	1	2	375	202	185	236	195
84	77	205	2	0	172	1	1	469	40	3	132	47	73
95	180	47	4	7	10	5	474	7	61	236	114	134	132
>ATF1_HUMAN.H11MO.0.B	ATF1
144	179	176	9	10	473	16	12	39	144	268
180	57	53	3	5	5	415	8	159	233	57
79	181	255	16	476	8	27	438	8	72	93
97	83	16	472	9	14	42	42	294	51	82
>ATF2_HUMAN.H11MO.0.B	ATF2
158	212	10	8	452	17	1	63	79	438	31
44	83	12	7	6	181	21	36	388	9	127
232	192	6	470	7	124	467	13	18	32	92
66	13	472	15	35	178	11	388	15	21	250
>ATF3_HUMAN.H11MO.0.A	ATF3
111	128	9	5	470	1	19	14	133	288	47
45	14	21	239	12	407	9	112	82	52	148
290	355	4	254	2	21	463	4	268	126	138
54	3	466	2	16	71	9	370	17	34	167
>ATF4_HUMAN.H11MO.0.A	ATF4
199	118	267	1	0	490	0	0	51	497	499	8
32	93	165	1	3	3	26	3	401	3	0	146
191	197	68	0	489	5	3	497	1	0	1	65
78	92	0	498	8	2	471	0	47	0	0	281
>ATF6A_HUMAN.H11MO.0.B	ATF6
4	1	0	2	0	0	18	0	0	0	0	2
4	4	5	8	1	1	1	20	0	0	2	0
11	6	12	9	0	19	0	0	20	0	18	18
1	9	3	1	19	0	1	0	0	20	0	0
>ATOH1_HUMAN.H11MO.0.B	ATOH1
267	162	1	499	0	293	9	1	16
21	77	498	0	4	190	3	0	55
189	261	1	0	487	17	1	495	361
23	0	0	1	9	0	487	4	68
>BACH1_HUMAN.H11MO.0.A	BACH1
31	5	10	18	2	401	7	3	8	393	5	76	53
84	33	484	40	31	11	107	18	472	48	167	133	189
49	461	2	40	445	62	382	73	17	41	128	197	186
336	1	4	402	22	26	4	406	3	18	200	94	72
>BACH2_HUMAN.H11MO.0.A	BACH2
61	7	22	39	29	379	22	5	30	482	28
48	39	462	19	30	19	112	8	460	6	160
34	447	6	4	397	28	335	4	8	4	106
357	7	10	438	44	74	31	483	2	8	206
>BATF3_HUMAN.H11MO.0.B	BATF3
86	242	15	15	23	21	9	251	105	115	241	4	6	432	50	126	121
177	28	195	8	32	80	428	89	91	21	99	0	12	3	231	60	193
103	122	251	7	4	21	10	60	109	32	28	5	405	21	159	73	93
134	108	39	470	441	378	53	100	195	332	132	491	77	44	60	241	93
>BATF_HUMAN.H11MO.0.A	BATF
226	24	6	67	43	71	190	185	169	289	1	2	489	52	36	106	306	71
39	200	9	164	119	273	43	57	9	79	1	28	4	279	15	254	42	93
132	173	22	12	26	23	198	115	42	11	0	425	6	158	10	106	55	153
103	103	463	257	312	133	69	143	280	121	498	45	1	11	439	34	97	183
>BC11A_HUMAN.H11MO.0.A	BCL11A
188	275	250	295	94	332	52	100	440	434	124	75	59	329	229	311	180
92	50	71	8	80	7	8	16	22	3	113	77	36	32	72	39	102
143	112	115	113	290	135	414	379	24	28	251	16	380	125	155	79	159
77	63	64	84	36	26	26	5	14	35	12	332	25	14	44	71	59
>BCL6_HUMAN.H11MO.0.A	BCL6
80	86	72	47	19	8	3	12	485	86	13	418	410
128	63	319	112	95	21	415	217	7	1	35	22	27
95	207	69	8	56	13	10	47	8	386	420	42	37
197	144	40	333	330	458	72	224	0	27	32	18	26
>BHA15_HUMAN.H11MO.0.B	BHLHA15
86	76	344	140	28	492	3	27	13	2	1
143	225	34	54	461	2	2	439	6	2	74
236	148	100	305	8	5	482	32	2	491	317
35	51	22	1	3	1	13	2	479	5	108
>BHE40_HUMAN.H11MO.0.A	BHLHE40
173	85	49	472	4	26	23	1	292	46
42	7	449	6	465	21	7	0	117	229
185	314	1	8	8	450	23	499	58	190
100	94	1	14	23	3	447	0	33	35
>BMAL1_HUMAN.H11MO.0.A	ARNTL
66	71	27	368	10	3	6	0	186	21	57
66	214	380	5	300	9	0	2	109	202	131
152	120	1	14	14	390	5	400	11	120	59
126	5	2	23	86	8	399	8	104	67	163
>BRAC_HUMAN.H11MO.0.A	T
60	39	168	167	69	335	99	91	122	235	172	30	19	1	112	16	453	330	175	100
126	101	156	82	337	36	87	126	83	95	26	64	8	7	26	76	10	29	44	68
73	53	112	190	64	81	204	201	170	115	219	374	2	485	22	316	31	111	131	99
241	307	64	61	30	48	110	82	125	55	83	32	471	7	340	92	6	30	150	233
>CDX1_HUMAN.H11MO.0.C	CDX1
14	1	1	2	24	7	6	6
7	0	0	2	0	3	0	3
2	3	1	4	5	1	24	10
7	26	28	22	1	19	0	11
>CDX2_HUMAN.H11MO.0.A	CDX2
23	9	16	13	149	1	7	28	2	40	21	2
18	11	0	37	1	8	0	1	115	32	30	35
32	9	10	26	1	2	47	122	20	13	53	26
78	122	125	75	0	140	97	0	14	66	47	88
>CEBPA_HUMAN.H11MO.0.A	CEBPA
115	173	4	1	79	88	0	78	492	495	7	160
66	91	2	1	4	59	0	386	5	0	149	166
183	233	3	140	310	58	498	0	1	4	88	111
136	3	491	358	107	295	2	36	2	1	256	63
>CEBPB_HUMAN.H11MO.0.A	CEBPB
108	206	0	0	137	76	0	37	454	454	0	168
45	60	1	0	1	118	0	408	0	0	111	151
160	176	1	136	233	37	454	0	0	0	67	83
141	12	452	318	83	223	0	9	0	0	276	52
>CEBPD_HUMAN.H11MO.0.C	CEBPD
227	2	4	21	8	229	61	295	414	12	104
116	65	14	14	480	61	290	191	32	241	244
134	10	9	406	6	139	14	3	23	89	36
23	423	473	59	6	71	135	11	31	158	116
>CEBPE_HUMAN.H11MO.0.A	CEBPE
91	0	185	39	70	260	688	812	0	215	173	92
87	0	0	463	0	362	123	0	122	394	57	253
164	81	378	177	742	1	1	0	9	33	147	167
470	731	249	133	0	189	0	0	681	170	435	300
>CEBPG_HUMAN.H11MO.0.B	CEBPG
281	0	1	88	1	434	8	28	496	8	128	98
62	0	0	1	498	21	16	462	0	68	199	182
144	0	20	344	1	37	7	4	3	199	66	47
13	500	479	67	0	8	469	6	1	225	107	173
>CLOCK_HUMAN.H11MO.0.C	CLOCK
40	107	51	85	24	204	39	64	24	22	101	93	56	124
151	29	37	81	214	16	153	14	30	6	79	61	98	75
45	48	129	42	11	11	32	162	11	217	45	71	73	6
16	68	35	44	3	21	28	12	187	7	27	27	25	47
>COE1_HUMAN.H11MO.0.A	EBF1
209	210	59	29	1	7	3	125	337	9	124	3	329	110	106
101	45	128	101	495	407	473	312	7	0	1	2	23	217	176
100	136	207	12	1	0	1	20	6	491	362	495	128	127	46
90	109	106	358	3	86	23	43	150	0	13	0	20	46	172
>COT1_HUMAN.H11MO.0.C	NR2F1
90	144	124	104	43	66	316	206	363	9	8	5	33	480	102	113	93
73	37	39	59	75	238	56	24	0	0	5	39	432	2	63	92	84
270	275	296	295	181	145	97	262	135	456	481	140	21	8	259	247	253
67	44	41	42	201	51	31	8	2	35	6	316	14	10	76	48	70
>COT2_HUMAN.H11MO.0.A	NR2F2
94	333	266	366	4	18	4	1	494	187	204	106	116
235	75	37	1	0	4	25	463	0	60	58	30	64
93	43	172	130	490	451	41	11	4	189	192	282	190
78	49	25	3	6	27	430	25	2	64	46	82	130
>CREB1_HUMAN.H11MO.0.A	CREB1
141	173	255	2	4	485	5	9	40	157	311
143	48	21	12	3	0	433	6	134	252	61
76	213	218	5	489	11	14	448	6	41	58
140	66	6	481	4	4	48	37	320	50	70
>CREM_HUMAN.H11MO.0.C	CREM
1	14	8	0	1	29	1	7	3	1	25
17	6	12	0	0	1	27	0	1	21	3
8	10	8	0	29	0	2	23	0	7	1
4	0	2	30	0	0	0	0	26	1	1
>CRX_HUMAN.H11MO.0.B	CRX
124	267	287	86	249	96	16	382	0	11	440	135	117
82	52	23	46	82	3	5	109	0	29	2	33	162
76	131	138	283	131	388	468	8	0	12	17	263	172
218	50	52	85	38	13	11	1	500	448	41	69	49
>CTCFL_HUMAN.H11MO.0.A	CTCFL
75	20	8	153	56	64	393	4	104	36	4	5	37	95	13	58	119
82	375	424	31	201	230	20	5	0	41	1	6	404	2	318	184	118
199	33	12	168	188	41	14	440	340	330	442	421	2	346	93	35	171
94	22	6	98	5	115	23	1	6	43	3	18	7	7	26	173	42
>CTCF_HUMAN.H11MO.0.A	CTCF
47	76	129	34	1	350	8	49	453	1	193	13	6	25	34	198	38	48	186
180	84	42	428	498	3	326	297	9	1	0	13	1	13	438	7	281	211	134
63	261	277	18	1	121	161	37	27	496	306	294	492	430	6	292	163	58	158
210	79	52	20	0	26	5	117	11	2	1	180	1	32	22	3	18	183	22
>CUX1_HUMAN.H11MO.0.C	CUX1
45	12	30	19	15	26	92	1	0	13	67	1	7	12
14	20	14	24	28	7	1	2	66	4	0	2	25	18
31	36	50	44	31	34	3	0	4	74	26	0	49	38
7	29	3	10	23	30	1	94	27	6	4	94	16	29
>DBP_HUMAN.H11MO.0.B	DBP
8	2	2	16	1	2	0	23	24	3	10
6	0	2	2	3	1	11	1	0	8	6
10	1	2	4	2	21	0	0	0	6	5
1	22	19	3	19	1	14	1	1	8	4
>DLX3_HUMAN.H11MO.0.C	DLX3
6	14	0	33	34	0	0	18	5	15
4	14	1	0	0	0	0	1	18	5
22	6	0	1	0	0	2	12	9	4
2	0	33	0	0	34	32	3	2	10
>DUX4_HUMAN.H11MO.0.A	DUX4
13	6	500	1	1	350	144	196	2	0	420
0	0	0	0	1	29	55	7	1	6	9
1	494	0	1	4	120	300	253	0	2	12
486	0	0	498	494	1	1	44	497	492	59
>E2F1_HUMAN.H11MO.0.A	E2F1
164	118	136	95	41	9	28	8	11	34	428	327	200	136
80	100	105	51	100	3	461	4	41	17	10	32	70	82
189	226	145	233	352	483	2	479	445	445	45	136	183	198
67	56	114	121	7	5	9	9	3	4	17	5	47	84
>E2F2_HUMAN.H11MO.0.B	E2F2
1	0	0	0	0	0	5	7	5	1
1	0	6	0	6	0	2	1	0	6
5	8	2	8	1	8	1	0	1	0
1	0	0	0	1	0	0	0	2	1
>E2F3_HUMAN.H11MO.0.A	E2F3
188	131	63	17	62	76	48	9	417	356	267
70	23	62	3	385	2	10	5	19	31	55
104	205	338	478	10	342	434	479	59	100	125
138	141	37	2	43	80	8	7	5	13	53
>E2F4_HUMAN.H11MO.0.A	E2F4
73	139	122	50	2	6	18	2	45	358	268	191	127
129	48	50	94	18	487	1	19	7	11	100	94	57
253	231	263	348	479	0	473	475	447	125	111	141	153
45	82	65	8	1	7	8	4	1	6	21	74	163
>E2F5_HUMAN.H11MO.0.B	E2F5
2	0	0	0	0	0	12	12	12	3
4	1	12	0	10	6	0	0	0	5
4	11	0	12	2	6	0	0	0	2
2	0	0	0	0	0	0	0	0	2
>E2F6_HUMAN.H11MO.0.A	E2F6
169	131	77	5	107	20	12	36	471	256	192	139	138
74	17	63	8	354	9	24	22	16	18	54	109	81
171	278	350	482	6	447	448	436	7	218	219	189	213
86	74	10	5	33	24	16	6	6	8	35	63	68
>E2F7_HUMAN.H11MO.0.B	E2F7
98	169	71	22	42	70	11	102	357	302	214	172	130
74	16	41	2	427	8	6	3	2	69	96	43	76
265	208	386	471	2	407	479	388	138	120	112	178	243
63	107	2	5	29	15	4	7	3	9	78	107	51
>EGR1_HUMAN.H11MO.0.A	EGR1
116	160	139	118	56	118	28	16	46	8	12	110	44	55	169	156	132
124	64	90	56	15	253	17	2	1	2	16	238	5	11	64	41	91
205	159	230	177	404	23	435	205	446	479	465	2	421	348	203	228	218
55	117	41	149	25	106	20	277	7	11	7	150	30	86	64	75	59
>EGR2_HUMAN.H11MO.0.A	EGR2
108	147	114	127	160	75	38	185	17	20	91	18	12	175	29	38	171	127
37	48	37	34	52	52	51	95	11	6	3	7	20	141	3	17	37	24
306	206	311	251	253	225	383	22	465	231	397	445	458	11	437	391	251	281
49	99	38	88	35	148	28	198	7	243	9	30	10	173	31	54	41	68
>EHF_HUMAN.H11MO.0.B	EHF
125	223	422	71	97	377	0	1	499	499	113	16	135	125	84
104	78	3	225	256	114	0	0	0	0	4	92	51	123	180
192	83	4	96	147	9	500	499	1	0	383	21	203	204	177
79	116	71	108	0	0	0	0	0	1	0	371	111	48	59
>ELF1_HUMAN.H11MO.0.A	ELF1
125	229	287	109	51	150	0	3	499	494	58	68	79	63
126	76	44	231	339	337	0	0	0	0	16	82	78	170
201	134	64	95	104	8	500	497	0	1	420	22	289	231
48	61	105	65	6	5	0	0	1	5	6	328	54	36
>ELF2_HUMAN.H11MO.0.C	ELF2
196	245	156	36	116	4	6	487	490	43	65	98	157
76	51	159	308	370	0	4	5	1	7	104	71	96
159	109	149	146	7	493	489	4	4	445	52	276	217
69	95	36	10	7	3	1	4	5	5	279	55	30
>ELF3_HUMAN.H11MO.0.A	ELF3
149	224	435	73	136	458	1	0	495	489	149	20	176	129
85	76	3	206	193	32	0	3	0	0	9	74	32	102
195	94	14	117	171	8	492	496	5	5	341	26	199	213
71	106	48	104	0	2	7	1	0	6	1	380	93	56
>ELF5_HUMAN.H11MO.0.A	ELF5
127	108	234	400	72	92	342	0	3	496	491	75	79	129	140
111	101	84	11	154	183	129	0	1	0	3	9	77	60	110
203	246	132	37	185	222	25	500	496	3	3	414	62	238	198
59	45	50	52	89	3	4	0	0	1	3	2	282	73	52
>ELK1_HUMAN.H11MO.0.B	ELK1
252	60	62	4	3	499	493	40	14	58	159
65	392	420	2	1	1	0	15	84	55	127
131	45	1	493	496	0	2	413	14	322	181
52	3	17	1	0	0	5	32	388	65	33
>ELK4_HUMAN.H11MO.0.A	ELK4
101	184	29	24	1	0	498	483	97	26	93	119
130	101	412	449	0	0	0	0	18	130	53	122
219	179	54	0	497	499	0	0	364	24	303	220
50	36	5	27	2	1	2	17	21	320	51	39
>EPAS1_HUMAN.H11MO.0.B	EPAS1
115	83	433	10	8	0	0	187	80
128	35	10	456	5	0	0	235	245
223	122	54	13	485	1	499	30	67
34	260	3	21	2	499	1	48	108
>ERG_HUMAN.H11MO.0.A	ERG
169	154	218	51	433	2	3	488	468	102	51	112	131
76	78	26	280	58	2	2	5	1	8	155	80	67
180	229	228	167	8	493	495	5	11	389	87	257	270
75	39	28	2	1	3	0	2	20	1	207	51	32
>ERR1_HUMAN.H11MO.0.A	ESRRA
29	22	29	260	276	1	2	18	0	280	67	119	42	117	59
116	111	194	2	0	0	1	1	262	1	122	56	98	49	69
65	14	52	19	8	281	281	13	15	2	40	52	86	55	113
74	137	9	3	0	2	0	252	7	1	55	57	58	63	43
>ERR2_HUMAN.H11MO.0.A	ESRRB
215	249	3421	3612	20	9	142	7	3397
1110	2605	23	2	2	6	147	3210	18
620	524	198	43	3621	3639	324	263	223
1717	284	20	5	19	8	3049	182	24
>ERR3_HUMAN.H11MO.0.B	ESRRG
1	1	11	14	0	0	1	1	12
0	10	0	0	1	1	0	11	1
2	1	3	0	12	13	0	0	1
11	2	0	0	1	0	13	2	0
>ESR1_HUMAN.H11MO.0.A	ESR1
319	37	23	47	1	428	54	198	91	52	27	309	20	45	29
24	3	9	36	444	3	221	302	188	39	17	99	442	411	165
130	404	454	89	24	56	156	0	143	22	454	35	7	4	33
27	56	14	328	31	13	69	0	78	387	2	57	31	40	273
>ESR2_HUMAN.H11MO.0.A	ESR2
246	57	23	48	8	309	46	0	61	20	41	259	12	41	36
48	6	13	58	397	17	254	332	210	119	13	136	420	421	177
180	393	427	114	26	123	132	0	133	15	443	43	11	6	18
23	41	34	277	66	48	65	165	93	343	0	59	54	29	266
>ETS1_HUMAN.H11MO.0.A	ETS1
184	130	240	64	308	2	6	496	414	92	42	65	69
89	91	34	319	175	0	3	3	5	5	94	56	63
171	236	212	114	17	497	490	0	2	403	29	317	314
56	43	14	3	0	1	1	1	79	0	335	62	54
>ETS2_HUMAN.H11MO.0.B	ETS2
115	159	161	237	96	2	491	477	191	196	211	165	248
70	73	140	38	4	5	8	9	42	131	24	43	50
218	173	149	183	376	484	0	12	260	99	230	248	160
97	95	50	42	24	9	1	2	7	74	35	44	42
>ETV1_HUMAN.H11MO.0.A	ETV1
75	165	21	108	2	0	499	465	38	44	97
122	67	407	383	0	0	0	2	18	152	74
242	203	72	1	498	500	1	0	434	71	263
61	65	0	8	0	0	0	33	10	233	66
>ETV2_HUMAN.H11MO.0.B	ETV2
74	69	133	121	129	6	204	0	0	226	213	109	13	80	25	40
40	40	31	14	9	200	24	0	1	0	0	4	74	31	60	66
81	100	47	88	89	21	0	229	228	3	0	116	13	93	130	100
34	20	18	6	2	2	1	0	0	0	16	0	129	25	14	23
>ETV4_HUMAN.H11MO.0.B	ETV4
168	192	68	478	3	8	462	435	154	69	144
117	67	305	5	1	13	8	7	11	89	66
165	160	117	10	488	479	25	23	294	173	207
50	81	10	7	8	0	5	35	41	169	83
>ETV5_HUMAN.H11MO.0.C	ETV5
164	228	149	100	420	8	22	397	473	186	114	109	203	136
90	44	49	209	18	3	8	34	3	31	50	53	60	108
191	164	247	173	42	481	468	51	6	274	116	269	193	187
55	64	55	18	20	8	2	18	18	9	220	69	44	69
>EVI1_HUMAN.H11MO.0.B	MECOM
58	90	3	137	6	134	129	4	136	0	127	109	30	105	19	69
22	5	4	1	64	2	1	1	0	18	5	1	26	13	22	17
27	12	128	1	1	2	2	136	0	1	0	22	49	11	43	22
34	34	6	2	70	3	9	0	5	122	9	9	36	12	57	33
>FEV_HUMAN.H11MO.0.B	FEV
112	127	140	158	16	482	335	93	77	36
102	264	160	6	3	11	29	66	193	115
259	67	177	328	472	2	125	300	44	291
25	40	21	6	7	3	9	39	184	56
>FEZF1_HUMAN.H11MO.0.C	FEZF1
153	66	35	6	7	13	31	120	3	10	22	86
61	243	16	10	278	217	363	30	67	5	58	166
181	37	11	475	51	26	13	7	25	9	35	79
105	154	438	9	164	244	93	343	405	476	385	169
>FLI1_HUMAN.H11MO.0.A	FLI1
104	157	222	100	149	210	455	2	1	466	476	73	67	204	196	150	120	193
113	74	43	27	18	193	17	2	6	9	1	14	85	62	38	60	75	65
219	215	186	325	316	91	20	488	490	22	13	409	249	200	236	253	263	181
61	51	46	45	14	3	5	5	0	0	7	1	96	31	27	34	39	58
>FOSB_HUMAN.H11MO.0.A	FOSB
207	5	6	448	102	9	27	483	36
103	6	7	6	0	15	452	5	165
146	1	459	9	398	53	14	3	115
44	488	28	37	0	423	7	9	184
>FOSL1_HUMAN.H11MO.0.A	FOSL1
99	159	215	0	0	494	39	0	9	498	11	105
93	82	135	0	2	1	0	0	490	2	206	201
203	174	141	3	471	1	461	0	1	0	81	77
105	85	9	497	27	4	0	500	0	0	202	117
>FOSL2_HUMAN.H11MO.0.A	FOSL2
97	141	260	0	0	493	51	2	3	499	12	108
95	67	79	0	1	2	0	2	496	0	176	189
187	191	149	1	479	0	449	2	1	0	57	69
121	101	12	499	20	5	0	494	0	1	255	134
>FOS_HUMAN.H11MO.0.A	FOS
173	5	8	468	58	11	21	480	14
108	9	17	4	0	13	467	8	209
180	5	430	14	442	12	12	6	132
39	481	45	14	0	464	0	6	145
>FOXA1_HUMAN.H11MO.0.A	FOXA1
8	123	1	2	0	391	4	159	16	232	109	54
0	2	0	0	0	0	399	69	157	10	49	130
0	375	0	28	72	103	4	2	54	8	247	197
492	0	499	470	428	6	93	270	273	250	95	119
>FOXA2_HUMAN.H11MO.0.A	FOXA2
8	98	0	1	0	379	4	201	22	282	95	64
0	1	2	0	0	0	444	61	205	4	48	179
1	400	0	22	72	118	1	0	60	20	275	141
491	1	498	477	428	3	51	238	213	194	82	116
>FOXA3_HUMAN.H11MO.0.B	FOXA3
79	114	6	123	4	3	4	428	2	184	47	213	77
233	125	0	4	11	0	0	3	437	76	116	7	58
108	39	3	369	7	18	136	57	11	4	53	27	289
80	222	491	4	478	479	360	12	50	236	284	253	76
>FOXC1_HUMAN.H11MO.0.C	FOXC1
4	9	7	0	0	1	1	0	25	0	6	0	17	12	1
12	2	4	0	0	0	0	0	0	19	3	5	0	5	7
4	9	2	0	26	0	0	1	0	0	0	0	0	7	15
6	6	13	26	0	25	25	25	1	7	17	21	9	2	3
>FOXH1_HUMAN.H11MO.0.A	FOXH1
64	12	11	8	5	447	28	12	38
23	12	14	7	10	8	28	28	188
26	458	18	415	344	7	36	12	209
374	5	444	57	128	25	395	435	52
>FOXI1_HUMAN.H11MO.0.B	FOXI1
24	21	5	0	0	156	0	0	0	0	7	0
72	4	68	4	16	0	0	0	0	0	74	77
14	11	38	0	140	0	0	0	155	156	0	3
46	120	45	152	0	0	156	156	1	0	75	76
>FOXJ2_HUMAN.H11MO.0.C	FOXJ2
0	13	0	0	0	22	0	5	0	19
1	0	0	0	0	0	8	9	1	4
0	26	1	0	0	19	0	0	10	5
40	2	40	41	41	0	33	27	30	13
>FOXJ3_HUMAN.H11MO.0.A	FOXJ3
122	0	52	1	0	6	512	0	71	28	33	4	225
92	0	0	0	0	0	0	45	0	0	0	6	44
103	0	572	0	0	110	23	0	269	204	18	11	87
309	626	2	625	626	510	91	581	286	394	575	605	270
>FOXK1_HUMAN.H11MO.0.A	FOXK1
10	38	3	1	10	246	12	152	77	58
4	10	43	5	10	126	328	117	106	114
5	448	10	50	83	31	20	55	75	72
481	4	444	444	397	97	140	176	242	256
>FOXM1_HUMAN.H11MO.0.A	FOXM1
28	126	13	0	1	160	37	123	24	180	54	83
12	11	15	34	1	27	373	80	145	19	80	171
17	358	28	31	36	294	9	19	71	14	223	129
443	5	444	435	462	19	81	278	260	287	143	117
>FOXO1_HUMAN.H11MO.0.A	FOXO1
93	48	30	20	3	16	2	5	6	202	3	113
80	155	226	239	6	17	93	15	20	112	346	132
130	128	127	85	7	459	8	31	111	26	26	88
197	169	117	156	484	8	397	449	363	160	125	167
>FOXO3_HUMAN.H11MO.0.B	FOXO3
56	29	10	26	0	2	1	390	1	192
197	183	3	2	3	1	5	29	431	130
131	94	0	471	3	15	70	10	4	23
116	194	487	1	494	482	424	71	64	155
>FOXO4_HUMAN.H11MO.0.C	FOXO4
1	0	0	0	0	0	20	1	0
3	0	0	0	0	0	0	10	3
3	0	28	0	0	4	1	5	10
21	28	0	28	28	24	7	12	15
>FOXP1_HUMAN.H11MO.0.A	FOXP1
17	4	2	6	0	2	3	155	5
41	83	6	12	5	28	4	102	143
52	92	9	248	17	12	24	11	3
185	116	278	29	273	253	264	27	144
>FOXP2_HUMAN.H11MO.0.C	FOXP2
36	3	20	3	1	0	394	4	170
200	2	4	7	5	0	50	374	145
108	7	474	6	44	87	17	15	52
156	488	2	484	450	413	39	107	133
>FOXQ1_HUMAN.H11MO.0.C	FOXQ1
4	9	1	0	0	0	0	0	13	0	2	0
4	1	2	0	0	0	0	0	0	0	0	4
1	3	0	0	13	0	0	0	0	1	3	0
4	0	10	13	0	13	13	13	0	12	8	9
>GABPA_HUMAN.H11MO.0.A	GABPA
91	143	182	215	49	56	4	4	498	493	53	49	89	144
113	126	115	73	306	428	0	2	0	1	12	94	65	135
242	193	135	192	135	13	496	493	2	0	434	16	285	192
54	38	68	20	10	3	0	1	0	6	1	341	61	29
>GATA1_HUMAN.H11MO.0.A	GATA1
96	58	28	59	97	134	112	131	107	166	92	360	3	498	1	473	429	107	176
202	72	39	103	157	123	105	84	112	94	194	10	0	0	0	2	8	77	94
103	95	320	195	141	139	184	170	157	162	161	4	497	0	6	7	45	277	173
99	275	113	143	105	104	99	115	124	78	53	126	0	2	493	18	18	39	57
>GATA2_HUMAN.H11MO.0.A	GATA2
66	62	40	66	136	152	124	135	111	163	96	387	0	493	3	483	422	70	172
226	52	25	111	78	79	99	98	112	57	169	2	0	0	1	3	5	84	96
113	79	326	207	145	153	184	138	134	172	186	4	498	4	8	0	57	314	195
95	307	109	116	141	116	93	129	143	108	49	107	2	3	488	14	16	32	37
>GATA3_HUMAN.H11MO.0.A	GATA3
224	174	389	5	494	73	461	434	165	279	222
46	152	3	2	2	5	8	1	112	60	40
127	131	4	493	3	20	21	47	202	128	112
103	43	104	0	1	402	10	18	21	33	126
>GATA4_HUMAN.H11MO.0.A	GATA4
184	94	332	2	490	4	481	459	47	285
64	215	4	0	2	11	2	1	91	71
156	142	8	498	4	20	2	35	349	128
96	49	156	0	4	465	15	5	13	16
>GATA6_HUMAN.H11MO.0.A	GATA6
169	123	364	0	497	5	459	475	18	300	116	261	251
77	204	0	0	0	1	5	2	54	51	72	65	65
166	133	3	500	0	0	4	14	424	132	81	72	98
88	40	133	0	3	494	32	9	4	17	231	102	86
>GCR_HUMAN.H11MO.0.A	NR3C1
235	46	222	449	6	381	79	316	201	90	7	26	95	31	88
23	5	78	13	474	14	149	184	142	27	11	19	133	424	176
177	419	109	14	13	45	176	0	109	18	477	12	91	3	13
65	30	91	24	7	60	96	0	48	365	5	443	181	42	223
>GFI1B_HUMAN.H11MO.0.A	GFI1B
78	29	150	8	200	3	417	0	2	18
26	374	92	182	18	3	28	5	0	61
324	39	9	259	13	492	51	8	0	99
72	58	249	51	269	2	4	487	498	322
>GFI1_HUMAN.H11MO.0.C	GFI1
44	12	61	8	36	0	150	0	0	15
10	102	15	43	3	0	0	0	0	18
88	21	11	84	12	150	0	0	0	29
8	15	63	15	99	0	0	150	150	88
>GLI3_HUMAN.H11MO.0.B	GLI3
2	0	0	0	0	0	0	0	1	1	2
5	1	0	1	0	0	0	0	0	10	5
4	0	14	13	15	0	15	13	1	1	3
4	14	1	1	0	15	0	2	13	3	5
>GRHL2_HUMAN.H11MO.0.A	GRHL2
368	387	0	22	112	2	12	7	61	88	174	1
14	8	496	355	17	1	126	192	119	28	32	454
64	44	1	4	153	494	2	5	71	230	167	14
51	58	0	116	215	0	357	293	246	151	124	28
>HEN1_HUMAN.H11MO.0.C	NHLH1
7	6	2	5	7	27	7	3	53	0	0	3	0	1	3	0	1	5	6	7
13	5	2	0	7	25	8	50	1	4	55	0	0	49	1	12	49	39	23	22
16	35	42	47	25	3	24	2	1	48	0	0	54	3	45	16	3	4	6	4
19	9	9	3	16	0	16	0	0	3	0	52	1	2	6	27	2	7	20	22
>HIC1_HUMAN.H11MO.0.C	HIC1
8	1	0	1	0	1	1	0	8
4	4	0	0	0	0	38	39	23
20	29	36	14	0	38	0	0	4
7	5	3	24	39	0	0	0	4
>HIF1A_HUMAN.H11MO.0.C	HIF1A
106	117	413	67	14	4	0	143
82	25	6	401	1	4	2	261
264	209	78	5	485	0	497	43
48	149	3	27	0	492	1	53
>HINFP_HUMAN.H11MO.0.C	HINFP
14	14	2	8	10	20	7	3	0	2	41	0	0	1	8	16
3	16	17	15	10	13	5	39	0	1	1	40	3	0	1	11
16	6	20	7	3	7	24	0	42	39	0	2	36	0	5	11
9	6	3	12	19	2	6	0	0	0	0	0	3	41	28	4
>HLF_HUMAN.H11MO.0.C	HLF
7	19	0	1	19	0	2	0	35	34	1	14	5
6	3	0	2	2	16	0	6	0	0	20	14	13
15	10	0	6	14	3	33	0	0	0	0	4	13
7	3	35	26	0	16	0	29	0	1	14	3	4
>HNF1A_HUMAN.H11MO.0.C	HNF1A
160	73	23	64	457	396	105	0	363	40	12	362	387	54	108
23	17	33	51	2	69	5	0	5	12	33	20	40	361	170
200	360	57	45	24	9	14	293	24	32	6	36	41	18	16
117	50	387	340	17	26	376	207	108	416	449	82	32	67	206
>HNF1B_HUMAN.H11MO.0.A	HNF1B
163	74	14	73	490	469	28	205	381	23	8	346	399	39	121
34	17	40	41	1	23	5	0	2	12	19	32	47	366	179
179	378	40	23	8	3	3	295	27	61	1	67	33	21	32
124	31	406	363	1	5	464	0	90	404	472	55	21	74	168
>HNF4A_HUMAN.H11MO.0.A	HNF4A
145	230	37	73	67	4	474	452	466	3	14	21	9	382
88	17	9	22	163	452	7	9	0	2	5	320	447	35
209	213	428	201	130	4	16	35	28	484	96	29	5	42
58	40	26	204	140	40	3	4	6	11	385	130	39	41
>HNF4G_HUMAN.H11MO.0.B	HNF4G
141	228	36	91	75	4	475	423	461	4	8	21	9	351
127	16	9	35	154	463	11	4	0	3	4	248	418	32
177	199	424	163	139	5	8	72	34	484	191	64	8	65
55	57	31	211	132	28	6	1	5	9	297	167	65	52
>HNF6_HUMAN.H11MO.0.B	ONECUT1
126	54	20	496	2	5	2	497	3	1	71
75	99	88	3	0	78	0	1	9	161	68
65	112	80	0	5	2	498	0	2	6	150
234	235	312	1	493	415	0	2	486	332	211
>HSF1_HUMAN.H11MO.0.A	HSF1
74	211	6	475	425	122	78	54	58	26	6	282	3	456	394
114	28	3	10	17	94	139	44	8	472	160	30	4	15	33
112	245	489	10	27	148	202	30	44	2	16	184	493	15	51
200	16	2	5	31	136	81	372	390	0	318	4	0	14	22
>HSF2_HUMAN.H11MO.0.A	HSF2
355	70	780	720	126	317	100	67	46	71	605	18	754	573
272	87	71	64	240	198	38	51	827	143	185	124	64	169
321	797	122	115	291	432	82	96	125	168	182	842	119	144
92	86	67	141	383	93	820	826	42	658	68	56	103	154
>HTF4_HUMAN.H11MO.0.A	TCF12
148	71	11	422	7	28	9	2	49	9
60	170	474	7	60	305	0	4	16	80
131	247	11	3	419	159	5	470	159	337
161	12	4	68	14	8	486	24	276	74
>HXA10_HUMAN.H11MO.0.C	HOXA10
2	5	0	4	5	1	0	1	10	0	1	4
1	2	3	1	1	0	0	0	0	0	0	2
4	2	1	4	3	0	0	0	0	0	8	1
3	1	6	1	1	9	10	9	0	10	1	3
>HXA13_HUMAN.H11MO.0.C	HOXA13
3	6	0	5	1	4	17	0	2	0	2
3	1	0	0	0	0	0	3	1	1	3
9	6	3	2	0	0	0	0	4	13	11
2	4	14	10	16	13	0	14	10	3	1
>HXA1_HUMAN.H11MO.0.C	HOXA1
2	0	1	8	0	0	0	7	0	1
1	0	0	0	0	0	0	1	0	1
1	3	7	0	0	6	8	0	0	5
4	5	0	0	8	2	0	0	8	1
>HXA9_HUMAN.H11MO.0.B	HOXA9
230	84	53	477	14	22	20	463	17	97	138
53	4	5	10	5	1	34	9	76	20	31
117	23	420	5	14	20	63	23	22	237	246
100	389	22	8	467	457	383	5	385	146	85
>HXB13_HUMAN.H11MO.0.A	HOXB13
34	5	0	7	472	12	131	125	51	96
54	3	2	12	11	50	5	4	165	192
50	9	1	13	17	1	162	328	250	84
362	483	497	468	0	437	202	43	34	128
>HXB4_HUMAN.H11MO.0.B	HOXB4
44	112	386	496	0	15	243	9
192	1	9	0	13	20	0	353
45	13	101	3	0	354	252	129
219	374	4	1	487	111	5	9
>HXB7_HUMAN.H11MO.0.C	HOXB7
8	0	2	28	0	0	13	27	0	3
1	0	0	0	0	0	0	1	2	2
1	0	26	0	0	0	9	0	0	14
18	28	0	0	28	28	6	0	26	9
>HXB8_HUMAN.H11MO.0.C	HOXB8
5	0	2	26	0	0	14	26	1	3	8
0	1	0	0	0	0	0	0	0	2	9
0	0	24	0	0	0	7	0	0	13	6
21	25	0	0	26	26	5	0	25	8	3
>HXC9_HUMAN.H11MO.0.C	HOXC9
130	20	4	112	480	6	26	78	11	144
78	14	6	63	12	12	2	7	387	200
37	23	8	16	6	9	227	401	67	8
255	443	482	309	2	473	245	14	35	148
>IKZF1_HUMAN.H11MO.0.C	IKZF1
3	3	3	1	0	51	19	25
17	5	0	2	1	0	2	2
14	0	57	57	59	9	32	22
26	52	0	0	0	0	7	11
>INSM1_HUMAN.H11MO.0.C	INSM1
2	0	0	8	23	0	0	0	0	0	1	15
0	0	4	15	0	0	0	0	0	1	22	0
5	18	3	0	0	24	24	24	24	22	1	9
17	6	17	1	1	0	0	0	0	1	0	0
>IRF1_HUMAN.H11MO.0.A	IRF1
169	302	328	367	155	149	83	466	493	491	68	100	53	468	480	492	22	98	234	218
88	49	48	37	114	69	4	5	1	1	182	50	2	8	0	2	180	121	62	80
178	96	64	39	133	76	410	23	0	3	234	11	443	21	14	2	273	38	154	134
64	52	59	56	97	205	2	5	5	4	15	338	1	2	5	3	24	242	49	67
>IRF2_HUMAN.H11MO.0.A	IRF2
142	306	355	376	141	129	84	487	495	484	65	44	27	470	492	487	3	49	201	182
89	48	36	28	99	111	12	0	1	0	131	109	5	5	0	0	188	131	64	104
183	107	54	39	192	63	398	10	2	8	294	4	459	23	6	6	290	32	191	154
84	37	53	55	66	195	4	1	0	6	8	341	7	0	0	5	17	286	42	58
>IRF3_HUMAN.H11MO.0.B	IRF3
150	302	339	360	153	112	101	410	408	450	112	146	100	337	440	471	48	133	114	341
39	22	33	37	54	27	27	9	18	8	131	44	3	12	18	2	157	71	61	35
257	150	107	55	228	279	366	74	63	15	223	201	392	145	36	20	274	137	293	89
54	26	21	48	65	82	6	7	11	27	34	109	5	6	6	7	21	159	32	35
>IRF4_HUMAN.H11MO.0.A	IRF4
177	265	326	244	118	256	107	15	485	480	29	34	18	450	346	468	84	104
88	56	36	30	63	73	2	8	9	2	219	42	8	2	14	16	222	138
162	96	56	97	287	152	380	476	2	5	240	11	472	42	130	9	175	47
73	83	82	129	32	19	11	1	4	13	12	413	2	6	10	7	19	211
>IRF7_HUMAN.H11MO.0.C	IRF7
9	36	40	36	4	1	10	37	32	27
3	4	0	1	14	16	2	0	8	0
26	0	0	0	17	6	27	1	0	3
2	0	0	3	5	17	1	2	0	10
>IRF8_HUMAN.H11MO.0.B	IRF8
180	244	284	272	159	242	103	69	496	481	69	36	9	434	424	474	53	66	173	190
87	47	51	28	68	68	1	1	3	8	159	33	3	4	8	8	207	123	76	85
155	104	69	77	239	174	394	429	1	3	261	0	483	53	61	7	233	29	162	150
78	105	96	123	34	16	2	1	0	8	11	431	5	9	7	11	7	282	89	75
>IRF9_HUMAN.H11MO.0.C	IRF9
1	5	5	5	0	1	0	5	5	5	0	0
0	0	0	0	1	3	0	0	0	0	3	0
4	0	0	0	3	0	4	0	0	0	0	1
0	0	0	0	1	1	1	0	0	0	2	4
>ISL1_HUMAN.H11MO.0.A	ISL1
92	23	143	356	489	8	25	82	170
154	329	28	29	6	3	0	20	147
182	24	6	112	5	155	310	382	148
72	124	323	3	0	334	165	16	35
>ITF2_HUMAN.H11MO.0.C	TCF4
153	63	14	466	15	47	45	2	42	46
21	73	445	4	52	293	3	7	53	136
190	340	26	13	410	149	4	473	229	263
133	21	12	14	20	8	445	15	173	52
>JUNB_HUMAN.H11MO.0.A	JUNB
137	132	16	2	467	0	6	25	489	37	159
49	174	4	17	1	0	6	463	4	183	175
152	137	6	445	0	477	0	7	2	131	65
162	57	474	36	32	23	488	5	5	149	101
>JUND_HUMAN.H11MO.0.A	JUND
106	179	12	3	426	28	6	11	445	17	68
68	74	1	4	3	0	6	420	2	173	186
193	177	8	429	10	422	6	19	3	66	76
83	20	429	14	11	0	432	0	0	194	120
>JUN_HUMAN.H11MO.0.A	JUN
116	249	8	12	489	0	3	12	488	9	128
72	81	2	7	2	0	12	478	2	179	189
202	154	9	461	3	474	4	8	4	59	61
110	16	481	20	6	26	481	2	6	253	122
>KAISO_HUMAN.H11MO.0.A	ZBTB33
66	263	253	209	41	144	47	7	23	10	9	402	18	392	167
207	63	51	68	129	295	84	473	4	461	3	13	16	25	102
187	103	185	161	80	47	65	11	463	5	479	77	431	71	165
38	69	9	60	248	12	302	7	8	22	7	6	33	10	64
>KLF12_HUMAN.H11MO.0.C	KLF12
171	112	29	0	0	41	10	2	44	6	59
155	14	0	1	0	397	1	4	0	3	362
88	263	421	450	452	1	434	358	390	436	13
38	63	2	1	0	13	7	88	18	7	18
>KLF15_HUMAN.H11MO.0.A	KLF15
149	124	0	8	257	33	6	236	56	150	165	112	72	89	123	85	133	42	88
17	6	1	3	170	3	7	15	3	165	77	21	10	15	64	50	62	45	8
260	333	478	467	0	440	424	203	416	143	137	279	382	369	276	319	214	356	350
53	16	0	1	52	3	42	25	4	21	100	67	15	6	16	25	70	36	33
>KLF1_HUMAN.H11MO.0.A	KLF1
166	2	1	0	45	7	12	19	12	30	82	70	51	55
16	1	2	0	258	0	5	2	11	335	224	97	99	79
189	484	483	488	0	478	262	442	422	82	46	231	259	305
118	2	3	1	186	4	210	26	44	42	137	91	80	50
>KLF3_HUMAN.H11MO.0.B	KLF3
106	113	129	122	163	172	17	3	2	43	4	2	92	38	42	91	65	46	80
94	111	102	93	123	22	0	0	4	320	3	13	9	5	308	190	102	121	109
235	230	211	247	157	179	481	494	491	0	489	361	376	420	74	81	247	264	240
63	44	56	36	55	125	0	1	1	135	2	122	21	35	74	136	84	67	69
>KLF4_HUMAN.H11MO.0.A	KLF4
210	4	1	6	13	2	2	25	7	27
10	0	0	2	222	2	2	8	19	314
102	494	496	489	2	496	219	443	441	34
178	2	3	3	263	0	277	24	33	125
>KLF5_HUMAN.H11MO.0.A	KLF5
211	23	4	12	89	23	20	8	25	53	124	52	77	74
17	2	4	18	92	1	5	0	15	317	91	68	62	105
102	472	484	465	4	471	272	482	415	55	96	303	251	247
170	3	8	5	315	5	203	10	45	75	189	77	110	74
>KLF6_HUMAN.H11MO.0.A	KLF6
77	110	221	228	24	12	22	129	58	14	104	43	114	146	31	73	80	173	128
92	123	94	9	3	0	26	227	3	11	32	15	225	158	78	63	85	55	116
253	238	139	183	404	474	442	0	424	342	339	415	103	68	259	302	299	215	226
74	25	42	76	65	10	6	140	11	129	21	23	54	124	128	58	32	53	26
>KLF8_HUMAN.H11MO.0.C	KLF8
0	3	0	0	0	0	0	0	0
4	2	0	0	0	0	0	1	1
0	0	4	3	5	3	5	0	4
1	0	1	2	0	2	0	4	0
>KLF9_HUMAN.H11MO.0.C	KLF9
16	66	128	41	11	4	0	0	2	0	1	1	13	4	33
48	48	35	3	1	0	1	2	194	0	4	1	30	216	134
163	118	68	205	162	252	251	254	1	256	67	250	172	8	52
29	24	25	7	82	0	4	0	59	0	184	4	41	28	37
>LEF1_HUMAN.H11MO.0.A	LEF1
35	15	8	56	1	1	20	208	127	130	19	18	53	143
119	290	323	21	63	6	194	63	76	87	59	142	210	101
125	84	6	9	16	15	237	7	72	92	68	175	41	47
177	67	119	370	376	434	5	178	181	147	310	121	152	165
>LHX2_HUMAN.H11MO.0.A	LHX2
57	40	48	12	333	412	0	4	249	74	76	38
76	113	186	5	76	12	9	6	3	97	104	92
102	137	7	0	17	1	9	102	152	212	54	104
195	140	189	413	4	5	412	318	26	47	196	196
>LHX3_HUMAN.H11MO.0.C	LHX3
39	38	57	42	1	0	72	71	0	2	67	33	12
6	3	7	2	1	0	0	0	0	1	0	7	19
13	15	7	11	2	1	0	1	0	1	2	24	11
14	16	1	17	68	71	0	0	72	68	3	8	30
>LYL1_HUMAN.H11MO.0.A	LYL1
93	66	290	26	59	48	1	3	28	94	20	43	64	54
200	315	23	57	331	0	80	135	94	100	232	263	85	124
92	12	21	222	20	3	367	82	100	59	54	50	82	172
68	60	119	148	43	402	5	233	231	200	147	97	222	103
>MAFB_HUMAN.H11MO.0.B	MAFB
47	3	31	38	17	389	51	95	82	212	113
11	27	427	3	10	11	212	68	198	67	50
29	426	7	0	404	26	147	45	76	89	205
386	17	8	432	42	47	63	265	117	105	105
>MAFF_HUMAN.H11MO.0.B	MAFF
27	10	26	40	13	365	28	40	43	318	31	19	279	84	111	78	47	62
33	45	418	29	53	24	194	42	313	27	44	369	52	111	65	84	120	97
39	362	14	3	352	21	205	28	20	58	296	53	57	106	58	22	37	63
374	56	15	401	55	63	46	363	97	70	102	32	85	172	239	289	269	251
>MAFG_HUMAN.H11MO.0.A	MAFG
170	212	257	213	110	25	0	13	2	0	429	9	21	36	350	13	7	305
55	21	5	17	113	31	0	414	4	0	0	238	13	350	0	0	387	19
133	81	37	16	90	4	430	1	0	427	1	178	6	22	47	360	31	43
72	116	131	184	117	370	0	2	424	3	0	5	390	22	33	57	5	63
>MAFK_HUMAN.H11MO.0.A	MAFK
208	219	252	224	128	22	0	27	3	4	419	14	37	41	362	11	21	263
49	32	17	21	87	16	4	402	5	1	1	186	9	345	2	21	320	60
110	97	30	14	68	3	427	0	0	416	1	207	7	12	35	272	61	43
64	83	132	172	148	390	0	2	423	10	10	24	378	33	32	127	29	65
>MAF_HUMAN.H11MO.0.A	MAF
153	235	294	196	77	55	9	62	32	9	441	51	119	121	237	97	80	231	201
118	71	42	44	156	20	7	428	3	3	12	223	59	206	56	36	256	118	76
167	101	39	59	135	13	480	3	6	451	34	164	77	60	77	288	109	73	117
62	93	125	201	132	412	4	7	459	37	13	62	245	113	130	79	55	78	106
>MAX_HUMAN.H11MO.0.A	MAX
149	208	45	9	469	1	44	53	1	69
120	69	123	490	2	413	7	59	2	44
192	154	311	0	27	47	446	3	493	315
39	69	21	1	2	39	3	385	4	72
>MAZ_HUMAN.H11MO.0.A	MAZ
108	142	151	41	26	324	27	57	133	136	57	159	87	167	95	183	150	165	130	137	178	137
72	12	6	9	56	44	5	10	17	4	101	67	20	27	60	39	36	67	31	102	53	49
252	326	337	433	413	13	453	426	333	340	328	166	349	277	324	256	285	228	278	223	215	281
68	20	6	17	5	119	15	7	17	20	14	108	44	29	21	22	29	40	61	38	54	33
>MBD2_HUMAN.H11MO.0.B	MBD2
17	7	0	1	0	0	0	0	59	12	36
44	43	28	0	111	111	0	0	39	12	14
44	51	83	57	0	0	111	111	12	65	53
6	10	0	53	0	0	0	0	1	22	8
>MECP2_HUMAN.H11MO.0.C	MECP2
4	0	0	0	0	68	52
70	119	119	0	0	1	1
42	0	0	119	119	50	66
3	0	0	0	0	0	0
>MEF2A_HUMAN.H11MO.0.A	MEF2A
137	64	14	1	464	32	51	7	67	70	275	80	180
39	40	362	28	3	1	1	24	41	18	1	19	192
122	194	25	0	4	4	2	5	6	58	218	329	52
202	202	99	471	29	463	446	464	386	354	6	72	76
>MEF2B_HUMAN.H11MO.0.A	MEF2B
127	97	102	84	24	1	431	53	38	18	67	85	236	61
59	55	18	52	386	44	13	10	3	24	59	28	0	26
207	126	136	187	20	1	16	3	2	7	24	70	244	348
107	222	244	177	70	454	40	434	457	451	350	317	20	65
>MEF2C_HUMAN.H11MO.0.A	MEF2C
149	52	15	1	474	30	40	12	74	69	283	77	180
37	46	346	31	8	3	6	19	45	21	2	36	182
142	210	23	0	3	1	3	5	11	61	211	317	51
172	192	116	468	15	466	451	464	370	349	4	70	87
>MEF2D_HUMAN.H11MO.0.A	MEF2D
156	34	12	1	485	27	40	47	149	43	377	47
28	32	379	10	1	3	6	20	43	7	0	16
151	250	30	3	1	2	4	3	6	27	118	393
165	184	79	486	13	468	450	430	302	423	5	44
>MEIS1_HUMAN.H11MO.0.A	MEIS1
220	94	37	489	16	64	96	487	17	77	152	62
63	1	10	3	19	5	16	2	35	22	32	187
126	8	441	3	19	53	130	8	15	265	222	128
90	396	11	4	445	377	257	2	432	135	93	122
>MEIS2_HUMAN.H11MO.0.B	MEIS2
92	0	0	402	0	461	10	40	1	5	10	24	209
62	0	0	1	461	0	57	190	7	5	9	257	156
55	0	461	0	0	0	365	123	0	313	70	79	50
252	461	0	58	0	0	29	108	453	138	372	101	46
>MITF_HUMAN.H11MO.0.A	MITF
27	0	440	0	2	2	0	445	0	72
119	499	13	365	9	0	3	19	383	262
57	1	6	8	489	6	497	28	23	36
297	0	41	127	0	492	0	8	94	130
>MTF1_HUMAN.H11MO.0.C	MTF1
15	5	3	8	8	3	0	3	0	0	0	0	35	19	21	14	4
12	2	1	6	18	29	0	1	1	11	0	34	0	4	10	4	15
4	28	13	20	2	1	35	5	34	0	35	0	0	6	2	10	11
4	0	18	1	7	2	0	26	0	24	0	1	0	6	2	7	5
>MXI1_HUMAN.H11MO.0.A	MXI1
115	2	482	11	86	33	4	31	60	100	17	59	70	82	89
151	484	1	445	33	47	0	86	195	120	116	196	153	109	154
197	13	15	33	376	22	493	297	186	142	283	160	181	225	207
37	1	2	11	5	398	3	86	59	138	84	85	96	84	50
>MYB_HUMAN.H11MO.0.A	MYB
147	120	165	139	189	6	304	0	31	0	144	140
54	110	74	3	2	489	95	2	62	0	3	92
206	206	46	315	254	4	43	497	21	3	287	203
93	64	215	43	55	1	58	1	386	497	66	65
>MYCN_HUMAN.H11MO.0.A	MYCN
146	132	80	12	426	3	40	44	1	32	109	97
85	24	282	485	3	448	6	38	0	142	60	204
227	314	78	0	41	2	448	1	486	267	203	163
41	29	59	2	29	46	5	416	12	58	127	35
>MYC_HUMAN.H11MO.0.A	MYC
110	84	10	436	1	10	7	2	25	98	34
105	375	485	3	344	11	19	4	287	99	191
215	26	2	43	2	478	0	488	109	82	101
70	15	3	18	153	1	474	6	79	221	174
>MYF6_HUMAN.H11MO.0.C	MYF6
0	7	0	0	0	0	1
7	0	3	7	0	0	5
0	0	4	0	0	7	0
0	0	0	0	7	0	1
>MYOD1_HUMAN.H11MO.0.A	MYOD1
110	3	497	4	5	1	0	0	6	83	33	72	65	24	77
119	496	0	114	490	2	2	196	210	167	287	117	80	198	257
204	1	0	375	0	0	497	19	30	146	54	85	248	111	66
67	0	3	7	5	497	1	285	254	104	126	226	107	167	100
>MYOG_HUMAN.H11MO.0.B	MYOG
36	152	108	2	492	2	5	1	1	2	2	94	57
247	178	132	496	0	57	485	0	0	199	287	215	190
103	49	223	2	3	438	4	2	499	23	24	80	97
114	121	37	0	5	3	6	497	0	276	187	111	156
>MZF1_HUMAN.H11MO.0.B	MZF1
183	172	223	192	6	11	3	494	203	26	92	146	174
67	55	18	0	2	0	3	2	5	72	70	57	86
189	232	123	305	427	487	492	2	53	130	188	239	180
61	41	136	3	65	2	2	2	239	272	150	58	60
>NANOG_HUMAN.H11MO.0.A	NANOG
64	22	44	153	6	34	55	188	115	403	34	13	14	340	331	402	70
129	243	255	22	30	4	124	21	130	17	7	9	317	16	25	24	75
140	89	35	30	21	19	294	18	96	20	15	405	58	8	120	34	100
166	145	165	294	442	442	26	272	158	59	443	72	110	135	23	39	254
>NDF1_HUMAN.H11MO.0.A	NEUROD1
217	262	11	499	1	365	4	1	4	38
36	104	488	0	0	110	0	0	24	198
235	133	1	0	487	25	0	496	384	63
12	1	0	1	12	0	496	3	88	201
>NDF2_HUMAN.H11MO.0.B	NEUROD2
232	236	4	500	0	339	56	0	3
50	49	495	0	11	140	3	0	67
203	213	1	0	477	16	3	476	417
15	2	0	0	12	5	438	24	13
>NF2L1_HUMAN.H11MO.0.C	NFE2L1
48	24	0	3	106	1	19
28	5	0	100	2	18	25
9	80	1	0	1	7	33
27	3	111	9	3	86	35
>NF2L2_HUMAN.H11MO.0.A	NFE2L2
259	237	88	38	5	10	27	16	454	12	1	4	499	3
24	51	178	23	10	483	25	19	6	71	4	496	1	130
59	43	71	10	477	3	2	437	6	408	2	0	0	24
158	169	163	429	8	4	446	28	34	9	493	0	0	343
>NFAC1_HUMAN.H11MO.0.B	NFATC1
241	197	42	7	473	405	411	250	247	178	244	132	269	215	225
115	25	4	23	6	34	34	83	26	119	44	15	61	159	60
117	30	452	465	18	52	42	134	71	173	22	274	111	94	69
27	248	2	5	3	9	13	33	156	30	190	79	59	32	146
>NFAC2_HUMAN.H11MO.0.B	NFATC2
22	0	0	86	84	82	68	26	14
5	0	0	0	0	1	6	11	20
12	86	86	0	2	3	5	9	15
47	0	0	0	0	0	7	40	37
>NFAC3_HUMAN.H11MO.0.B	NFATC3
2	0	0	17	16	18	14	6	2
2	0	0	0	0	0	3	7	6
1	18	18	1	2	0	1	1	1
13	0	0	0	0	0	0	4	9
>NFAC4_HUMAN.H11MO.0.C	NFATC4
8	0	0	19	19	19	12	4	3	6
3	0	0	0	0	0	3	5	3	0
4	18	19	0	0	0	3	2	4	4
4	1	0	0	0	0	1	8	9	9
>NFE2_HUMAN.H11MO.0.A	NFE2
122	129	290	1	2	479	11	48	41	402	16	13	380
144	166	21	3	12	4	394	29	416	14	4	466	26
178	148	179	18	483	11	75	27	16	46	458	19	44
56	57	10	478	3	6	20	396	27	38	22	2	50
>NFIA_HUMAN.H11MO.0.C	NFIA
34	8	11	15	26	97	50	86	54	70	18	14	13	182	102
50	7	2	7	168	58	76	0	51	30	16	189	195	15	21
25	16	204	199	27	29	49	147	80	25	171	15	13	16	83
124	202	16	12	12	49	58	0	48	108	28	15	12	20	27
>NFIC_HUMAN.H11MO.0.A	NFIC
59	38	33	7	21	102	159	46	0	117	143	10	12	9	335	228	107
244	218	11	4	16	340	127	207	301	200	45	44	429	481	122	35	111
106	18	84	458	445	29	32	126	0	87	90	314	23	4	7	189	229
91	226	372	31	18	29	182	121	199	96	222	132	36	6	36	48	53
>NFKB1_HUMAN.H11MO.1.B	NFKB1
25	34	7	353	427	468	68	53	31	31	29
4	4	3	5	24	1	76	173	454	458	435
448	455	478	136	44	28	130	21	8	1	16
20	4	9	3	2	0	223	250	4	7	17
>NFKB2_HUMAN.H11MO.0.B	NFKB2
59	32	21	272	406	486	93	44	66	1	49
26	1	1	2	39	4	61	236	434	488	418
333	459	463	210	54	6	229	14	0	1	10
82	8	15	16	1	4	117	206	0	10	23
>NFYA_HUMAN.H11MO.0.A	NFYA
61	45	252	188	3	2	500	484	2	72	337	117	290	230
162	205	50	7	495	493	0	6	10	277	26	89	106	15
105	61	176	245	0	1	0	9	2	129	131	261	70	198
172	189	22	60	2	4	0	1	486	22	6	33	34	57
>NFYB_HUMAN.H11MO.0.A	NFYB
145	660	340	2	2	1140	1135	5	60	742	140	514	358
531	46	54	1140	1138	7	9	5	656	53	194	338	122
184	412	653	5	7	0	3	7	384	340	755	233	510
288	30	101	1	1	1	1	1131	48	13	59	63	158
>NFYC_HUMAN.H11MO.0.A	NFYC
60	36	203	135	2	8	395	386	12	54	261	74	191	152
144	154	43	29	401	414	11	17	23	226	37	66	111	36
84	81	142	206	12	3	4	20	8	110	117	241	80	169
138	155	38	56	11	1	16	3	383	36	11	45	44	69
>NKX21_HUMAN.H11MO.0.A	NKX2-1
33	66	38	17	498	5	141	54	16	79
211	46	11	3	1	4	1	1	163	174
113	12	167	479	0	491	52	439	222	78
143	376	284	1	1	0	306	6	99	169
>NKX25_HUMAN.H11MO.0.B	NKX2-5
53	38	211	489	18	272	99	84
82	57	17	8	2	30	1	151
155	268	259	0	479	9	384	242
209	136	12	2	0	188	15	22
>NKX28_HUMAN.H11MO.0.C	NKX2-8
1	0	0	6	6	0	0	4	1
1	0	5	0	0	0	0	0	3
1	0	1	0	0	6	4	2	1
3	6	0	0	0	0	2	0	1
>NKX31_HUMAN.H11MO.0.C	NKX3-1
95	43	126	380	480	2	44	85	9	71	78	140
98	126	54	27	1	2	1	7	226	128	43	42
161	49	76	86	10	493	9	402	133	19	53	148
146	282	244	7	9	3	446	6	132	282	326	170
>NKX32_HUMAN.H11MO.0.C	NKX3-2
75	17	467	496	1	9	43	26	124	100
44	0	2	0	1	0	0	128	66	81
40	12	28	1	483	7	447	151	63	31
339	469	1	1	13	482	8	193	245	286
>NKX61_HUMAN.H11MO.0.B	NKX6-1
122	353	84	156	304	493	15	21	189	63	167	230	195	149	69	298	490	63	77
59	44	135	25	30	1	23	46	37	168	108	30	28	28	52	54	0	15	46
263	75	46	59	133	4	62	280	200	216	79	53	21	24	26	127	7	35	199
56	28	235	260	33	2	400	153	74	53	146	187	256	299	353	21	3	387	178
>NOBOX_HUMAN.H11MO.0.C	NOBOX
19	0	64	64	2	2	24	13	5
22	0	0	2	2	0	0	20	18
3	0	0	0	2	7	42	29	11
22	66	2	0	60	57	0	4	32
>NR1D1_HUMAN.H11MO.0.B	NR1D1
211	154	125	135	237	369	40	53	98	33	10	73	62	439	105	180	184	134	117
40	28	105	107	225	3	183	12	1	6	25	71	335	20	97	59	65	43	88
161	268	246	161	23	28	214	41	386	365	445	98	58	11	233	156	176	209	216
88	50	24	97	15	100	63	394	15	96	20	258	45	30	65	105	75	114	79
>NR1H3_HUMAN.H11MO.0.B	NR1H3
84	212	187	272	61	19	32	72	415	57	112	120	114	330	40	53	76	39	436
241	112	63	13	3	22	79	214	9	296	89	114	162	45	13	20	69	369	22
104	62	210	190	407	378	76	42	27	71	43	145	142	86	418	359	110	36	24
71	114	40	25	29	81	313	172	49	76	256	121	82	39	29	68	245	56	18
>NR1H4_HUMAN.H11MO.0.B	NR1H4
122	217	33	46	11	13	341	167	29	30	218	32	36	35	77	54	144	32	33
88	7	4	16	55	329	27	107	81	15	43	382	363	161	190	99	131	3	29
198	222	386	334	150	66	80	133	47	402	145	26	5	126	106	214	138	365	348
43	5	28	55	235	43	3	44	294	4	45	11	47	129	78	84	38	51	41
>NR1I2_HUMAN.H11MO.0.C	NR1I2
9	9	12	8	2	0	0	20	17	9	9	17	27	0	0	3	0	26	4
4	2	4	0	6	1	17	9	3	6	7	2	0	0	2	2	22	1	7
6	11	12	19	16	2	2	0	5	8	7	10	2	29	9	1	4	2	10
10	7	1	2	5	26	10	0	4	6	6	0	0	0	18	23	3	0	8
>NR1I3_HUMAN.H11MO.0.C	NR1I3
9	13	5	0	0	0	26	9	7	11	16	25	1	0	5	0	20	5
0	2	0	4	0	23	2	5	5	6	2	0	0	2	3	20	2	4
14	13	21	20	1	2	0	10	11	7	9	3	27	6	0	2	4	10
5	0	2	4	27	3	0	4	5	4	1	0	0	20	20	6	2	9
>NR2C1_HUMAN.H11MO.0.C	NR2C1
4	1	2	5	12	4	17	0	0	0	0	17	2
2	6	10	8	0	3	0	0	0	0	18	0	5
11	8	1	4	6	10	1	18	14	0	0	0	6
1	3	5	1	0	1	0	0	4	18	0	1	5
>NR2C2_HUMAN.H11MO.0.B	NR2C2
104	21	15	4	187	118	179	8	8	4	10	338
56	160	14	202	294	233	0	3	6	15	401	21
313	227	46	27	14	146	319	478	425	114	59	131
27	92	425	267	5	3	2	11	61	367	30	10
>NR2E3_HUMAN.H11MO.0.C	NR2E3
11	18	18	2	2	2	21	18	22	19	6	1	3	17
4	2	1	2	0	20	0	3	0	0	2	2	16	3
4	2	3	16	2	1	1	2	0	3	13	5	2	2
4	1	1	3	19	0	1	0	1	1	2	15	2	1
>NR4A1_HUMAN.H11MO.0.A	NR4A1
390	401	446	62	35	54	28	420	118
18	8	13	4	28	71	387	7	125
73	70	26	287	392	138	34	20	166
10	12	6	138	36	228	42	44	82
>NR4A2_HUMAN.H11MO.0.C	NR4A2
22	28	31	0	1	1	0	33	6
2	0	1	0	1	5	30	0	14
7	3	1	31	30	0	0	0	10
2	2	0	2	1	27	3	0	3
>NR5A2_HUMAN.H11MO.0.B	NR5A2
91	32	19	2	492	470	1	1	62	11	373
88	144	222	474	5	1	1	2	213	414	14
213	133	17	24	3	15	497	495	19	5	68
108	191	242	0	0	14	1	2	206	70	45
>NR6A1_HUMAN.H11MO.0.B	NR6A1
39	47	2	0	0	1	49	44	0	1	2	2	43
3	1	0	2	1	49	1	2	1	0	5	43	2
5	1	47	19	0	0	0	1	45	30	2	0	2
3	1	1	29	49	0	0	3	4	19	41	5	3
>NRF1_HUMAN.H11MO.0.A	NRF1
54	214	27	28	45	14	5	1	391	20	4	7	0	4	213	140	57
279	62	257	50	1	484	0	496	69	38	5	457	21	400	97	70	148
73	79	171	23	454	2	494	1	24	82	488	1	433	7	158	189	261
94	145	45	399	0	0	1	2	16	360	3	35	46	89	32	101	34
>OLIG2_HUMAN.H11MO.0.B	OLIG2
108	76	420	4	77	17	0	6	12	40	49	52	88	134	41	94	114	65
310	413	8	13	392	7	7	181	126	129	216	245	191	43	130	226	115	99
71	2	13	245	25	3	456	90	17	77	93	57	83	96	146	68	51	170
11	9	59	238	6	473	37	223	345	254	142	146	138	227	183	112	220	166
>OSR2_HUMAN.H11MO.0.C	OSR2
82	34	79	62	26	163	16	7	1	115	1	4	45	86	143	38
78	191	136	164	317	10	8	460	23	102	469	82	79	211	52	80
231	100	58	179	28	69	447	4	1	97	1	1	292	58	110	278
82	148	200	68	102	231	2	2	448	159	2	386	57	118	168	77
>OTX2_HUMAN.H11MO.0.A	OTX2
222	190	167	105	16	418	1	7	442	214	104
70	30	41	1	20	76	3	10	2	25	179
128	209	264	386	462	2	2	4	11	201	178
80	71	28	8	2	4	494	479	45	60	39
>OVOL1_HUMAN.H11MO.0.C	OVOL1
0	1	0	7	6	1	1	1	2
1	0	0	0	1	6	0	0	0
2	6	1	0	0	0	2	6	0
4	0	6	0	0	0	4	0	5
>OZF_HUMAN.H11MO.0.C	ZNF146
0	0	0	3	15	415	27	15	9	0	7	13	157	328	0	441	145	0	440	0	0	0	3	391
0	7	1	0	297	18	36	0	1	427	16	4	207	9	0	3	28	3	0	43	0	447	427	14
0	11	1	2	23	8	14	390	441	7	0	432	1	114	0	4	274	0	9	3	0	0	0	33
451	433	449	446	116	10	374	46	0	17	428	2	86	0	451	3	4	448	2	405	451	4	21	13
>P53_HUMAN.H11MO.0.A	TP53
179	89	254	3	334	105	3	24	53	11	351	81	306	0	385	58	20	29	57	47
41	19	23	440	28	3	1	251	327	399	54	21	3	481	21	25	9	228	304	258
174	324	184	10	16	23	475	4	17	41	19	365	165	4	3	15	453	15	19	32
92	54	25	33	108	355	7	207	89	35	62	19	12	1	77	388	4	214	106	149
>P63_HUMAN.H11MO.0.A	TP63
146	205	0	379	186	1	41	67	10	279	101	208	1	263	46	11	30	105	67
37	8	492	45	7	1	225	264	394	92	21	3	497	86	48	5	260	216	200
209	242	2	48	77	497	5	54	71	19	322	240	2	7	64	481	11	45	100
108	45	6	28	230	1	229	115	25	110	56	49	0	144	342	3	199	134	133
>P73_HUMAN.H11MO.0.A	TP73
178	161	195	17	305	156	4	34	68	61	309	142	278	5	251	55	17	44	94
80	46	38	437	74	6	5	240	293	370	106	43	19	477	80	48	6	250	255
160	200	190	20	34	39	488	7	37	42	5	257	157	12	13	55	470	21	41
82	93	77	26	87	299	3	219	102	27	80	58	46	6	156	342	7	185	110
>PATZ1_HUMAN.H11MO.0.C	PATZ1
115	67	70	20	225	120	70	106	62	104	205	39	14	79	161	143	118	78	63	203	156	68
45	13	41	42	141	30	15	32	8	58	274	14	70	79	31	94	118	37	28	107	7	100
275	314	335	413	67	306	347	340	416	302	4	272	376	298	284	243	171	283	380	154	306	240
56	97	45	16	58	35	59	13	5	27	8	166	31	35	15	11	84	93	20	27	22	83
>PAX5_HUMAN.H11MO.0.A	PAX5
27	26	30	41	40	32	5	7	158	78	7	83	63	138	7	2	44	65	35	164	24
57	101	84	11	9	28	24	177	7	23	148	54	4	8	33	158	7	6	6	7	162
102	38	67	52	152	109	126	12	33	94	26	56	125	33	156	9	145	32	160	21	6
16	37	21	98	1	33	47	6	4	7	21	9	10	23	6	33	6	99	1	10	10
>PAX6_HUMAN.H11MO.0.C	PAX6
62	11	208	22	143	5	129	14	7	355	73	33
16	171	234	283	35	402	68	38	204	8	179	47
37	19	25	20	303	83	9	9	284	118	144	16
385	299	33	175	19	10	294	439	5	19	104	404
>PBX1_HUMAN.H11MO.0.A	PBX1
105	32	434	21	36	19	342	18	342	54
44	45	27	133	38	6	1	429	11	51
101	417	12	170	86	472	153	11	114	343
250	6	27	176	340	3	4	42	33	52
>PBX2_HUMAN.H11MO.0.C	PBX2
1	8	10	10	1	1	1	15	0	2	0	13	5	3	3
3	2	4	3	1	1	0	0	3	0	0	1	2	0	4
7	7	4	1	6	0	15	3	0	0	15	2	0	8	8
8	2	1	5	11	17	3	1	16	17	4	3	12	8	4
>PBX3_HUMAN.H11MO.0.A	PBX3
78	17	399	30	49	16	244	18	229	24	40
27	8	4	110	38	15	22	370	7	44	144
63	392	9	137	103	374	152	8	143	288	179
252	3	8	143	230	15	2	24	41	64	57
>PDX1_HUMAN.H11MO.0.A	PDX1
95	38	471	14	89	80	441	28	34
2	13	9	74	7	32	30	32	38
15	424	2	31	72	372	17	77	278
382	19	12	375	326	10	6	357	144
>PEBB_HUMAN.H11MO.0.C	CBFB
1	1	1	0	0	2	1	0	1	9	1
6	10	0	3	6	0	0	0	10	1	7
4	3	1	19	0	21	22	5	1	4	8
12	9	21	1	17	0	0	18	11	9	7
>PIT1_HUMAN.H11MO.0.C	POU1F1
3	9	15	25	3	1	22	35	10	33	10	20	6
17	5	17	4	0	0	6	0	0	1	0	0	12
5	2	5	0	0	37	5	0	2	1	0	6	5
13	22	1	9	35	0	5	3	26	3	28	12	15
>PKNX1_HUMAN.H11MO.0.B	PKNOX1
71	20	456	11	49	11	299	13	302	26	71
43	25	6	129	29	2	3	449	25	56	169
50	430	13	159	55	462	174	2	104	353	195
316	5	5	181	347	5	4	16	49	45	45
>PO2F1_HUMAN.H11MO.0.C	POU2F1
85	58	10	11	40	66	127	5	8	2	123	110	72	16	81	62
15	23	6	49	18	22	5	2	0	62	3	5	9	53	19	11
21	23	40	45	63	5	1	1	126	57	4	17	7	8	23	10
13	30	78	29	13	41	1	126	0	13	4	2	46	57	11	51
>PO2F2_HUMAN.H11MO.0.A	POU2F2
214	61	451	8	4	38	478	295	457	42	98
76	199	32	9	2	412	5	37	13	49	76
106	35	13	21	482	17	3	43	25	61	199
104	205	4	462	12	33	14	125	5	348	127
>PO3F1_HUMAN.H11MO.0.C	POU3F1
5	9	1	1	1	6	9	14	1	1	1	9	8	6
5	0	0	0	5	0	0	0	0	1	12	0	1	2
4	4	1	6	7	0	1	0	1	12	2	3	2	3
1	2	13	8	2	9	5	1	13	1	0	3	4	4
>PO3F2_HUMAN.H11MO.0.A	POU3F2
23	74	7	411	6	20	137	322	124	239	149	17	8	324	147	70	111
177	180	464	51	3	18	333	112	16	29	9	132	330	143	16	66	213
51	29	11	2	12	328	17	48	16	25	7	90	65	12	33	87	105
245	213	14	32	475	130	9	14	340	203	331	257	93	17	300	273	67
>PO5F1_HUMAN.H11MO.0.A	POU5F1
26	37	195	10	36	52	190	88	442	7	6	7	395	310	415	80
260	265	22	32	11	157	18	125	10	1	4	380	10	30	18	69
97	40	20	12	14	258	16	50	16	8	461	47	15	127	34	61
117	158	263	446	439	33	276	237	32	484	29	66	80	33	33	290
>PPARA_HUMAN.H11MO.0.B	PPARA
246	267	41	31	222	47	74	61	51	462	326	406	66	29	20	37	362
108	12	211	58	15	1	6	91	259	9	21	0	2	4	59	307	41
63	44	184	76	234	419	401	194	131	27	128	94	414	402	126	76	49
83	177	64	335	29	33	19	154	59	2	25	0	18	65	295	80	48
>PPARG_HUMAN.H11MO.0.A	PPARG
235	244	46	55	194	34	64	50	28	449	287	395	36	34	26	60	377
127	13	180	61	11	0	13	61	276	9	24	3	3	2	38	309	30
82	63	209	104	268	420	400	215	151	34	167	99	446	402	160	89	58
56	180	65	280	27	46	23	174	45	8	22	3	15	62	276	42	35
>PRD14_HUMAN.H11MO.0.A	PRDM14
235	199	37	86	6	491	41	288	38	320	84	19	57	190
60	24	79	9	5	2	30	5	32	67	369	374	203	79
139	224	356	20	5	3	428	184	419	17	33	68	34	131
66	53	28	385	484	4	1	23	11	96	14	39	206	100
>PRDM1_HUMAN.H11MO.0.A	PRDM1
157	304	387	457	47	118	23	496	452	493	23	21	99	198
28	41	40	0	38	31	3	1	4	0	21	64	73	88
284	131	49	39	404	109	474	3	44	6	449	79	230	133
31	24	24	4	11	242	0	0	0	1	7	336	98	81
>PRDM6_HUMAN.H11MO.0.C	PRDM6
232	265	217	308	236	1	489	492	469	380	302	246	252
83	35	98	19	5	23	8	2	4	66	117	96	78
123	134	165	101	226	471	0	0	4	34	56	63	101
62	66	20	72	33	5	3	6	23	20	25	95	69
>PRGR_HUMAN.H11MO.0.A	PGR
133	31	157	282	3	203	9	25	21	29	5	18	74	20	26	41
7	3	50	16	276	11	57	69	147	20	27	11	41	255	83	77
127	266	59	8	3	36	54	36	46	13	271	11	47	3	8	74
48	15	49	9	33	65	195	185	101	253	12	275	153	37	198	123
>PRRX2_HUMAN.H11MO.0.C	PRRX2
10	0	59	58	1	0	27
18	0	0	0	1	3	1
5	0	0	1	0	3	29
26	59	0	0	57	53	2
>PTF1A_HUMAN.H11MO.0.B	PTF1A
76	7	470	3	38	7	5	10	28	74	41	67	73	27	36	32	121	90
223	477	5	22	434	2	8	222	212	157	205	207	116	173	202	301	220	242
181	6	3	383	11	1	467	137	60	119	125	70	113	68	35	66	33	88
20	10	22	92	17	490	20	131	200	150	129	156	198	232	227	101	126	80
>RARA_HUMAN.H11MO.0.A	RARA
130	105	185	142	84	197	51	55	221	214	183	405	21	10	8	1	491	281	89	56
62	56	28	46	104	47	78	253	115	34	25	3	0	5	23	468	0	54	26	43
275	275	232	216	277	178	122	130	96	177	274	84	474	254	33	20	2	128	349	368
32	63	54	95	34	77	248	61	67	74	17	7	4	230	435	10	6	36	35	32
>RARG_HUMAN.H11MO.0.B	RARG
288	88	70	32	7	460	93	215	149	103	47	204	114	148	70	89	135	156
9	3	3	5	444	6	165	146	93	63	83	110	308	296	113	82	56	117
194	378	423	67	18	26	188	121	220	54	343	115	48	21	73	228	240	170
9	31	4	396	31	8	54	18	38	280	27	71	30	35	244	101	69	57
>RELB_HUMAN.H11MO.0.C	RELB
8	4	2	5	10	13	1	1	1	4	6	9
4	2	1	0	0	12	0	0	4	18	20	11
13	21	25	23	18	0	3	4	0	5	2	3
3	1	0	0	0	3	24	23	23	1	0	5
>REL_HUMAN.H11MO.0.B	REL
55	49	75	86	25	2	15	110	163	125	15	2	35	18	118
15	30	25	7	1	0	0	3	1	5	24	38	122	135	20
46	86	21	54	145	175	161	62	11	17	29	59	8	20	18
62	13	57	31	7	1	2	3	3	31	110	79	13	5	22
>REST_HUMAN.H11MO.0.A	REST
71	14	6	458	10	37	474	7	15	276	63	15	12	432	7	474	13	68	101	69	67	136
42	71	462	14	20	338	7	472	452	55	150	4	3	33	398	5	9	321	15	303	353	215
96	19	8	12	469	87	13	15	11	79	43	479	482	14	73	9	471	55	234	90	13	62
291	396	24	16	1	38	6	6	22	90	244	2	3	21	22	12	7	56	150	38	67	87
>RFX1_HUMAN.H11MO.0.B	RFX1
33	50	31	43	25	63	3	1	10	15	2	0	338	74	21	41	104	185	285	33	67	70
171	209	196	183	272	156	4	49	86	6	410	361	29	30	2	30	185	44	96	326	140	130
187	122	147	171	112	158	447	1	4	411	1	5	44	142	432	377	98	193	57	56	215	228
66	76	83	60	48	80	3	406	357	25	44	91	46	211	2	9	70	35	19	42	35	29
>RFX2_HUMAN.H11MO.0.A	RFX2
18	55	0	0	8	18	1	0	340	55	33	49	66	244	358	10	130	81
241	75	0	3	34	1	383	339	23	3	0	3	226	15	23	363	109	112
44	173	423	0	2	398	1	0	24	49	388	370	82	127	31	7	140	188
120	120	0	420	379	6	38	84	36	316	2	1	49	37	11	43	44	42
>RFX3_HUMAN.H11MO.0.B	RFX3
74	0	0	46	218	0	0	654	4	69	44	79	384	364
199	0	0	6	3	584	517	1	1	0	1	183	1	96
230	655	0	0	400	0	0	0	36	586	610	48	197	96
152	0	655	603	34	71	138	0	614	0	0	345	73	99
>RFX5_HUMAN.H11MO.0.A	RFX5
95	64	66	245	45	40	128	10	5	45	75	12	8	313	64	25	71	266	154	275
109	80	267	105	167	287	34	6	40	67	22	453	217	8	18	28	197	78	54	74
239	115	92	98	175	57	105	480	27	8	347	4	10	167	323	435	157	105	260	110
57	241	75	52	113	116	233	4	428	380	56	31	265	12	95	12	75	51	32	41
>RORA_HUMAN.H11MO.0.C	RORA
267	224	80	126	275	36	10	37	1	481	172	149	102
114	65	197	35	8	2	3	86	475	4	61	39	50
73	49	137	82	212	441	474	121	22	5	228	213	305
46	162	86	257	5	21	13	256	2	10	39	99	43
>RORG_HUMAN.H11MO.0.C	RORC
121	238	352	325	42	22	244	157	12	10	5	489
94	51	48	9	200	19	4	5	11	45	475	1
215	123	54	25	228	29	250	318	468	61	9	7
70	88	46	141	30	430	2	20	9	384	11	3
>RUNX1_HUMAN.H11MO.0.A	RUNX1
57	75	35	1	16	0	2	2	14	142	69
106	235	4	3	43	0	1	43	78	20	176
151	19	13	488	5	497	495	17	20	56	123
186	171	448	8	436	3	2	438	388	282	132
>RUNX2_HUMAN.H11MO.0.A	RUNX2
86	46	57	61	34	4	17	1	1	9	16	88	57	49
38	65	65	199	5	8	14	0	2	73	69	13	55	65
158	261	146	88	8	462	13	499	487	56	80	96	194	190
218	128	232	152	453	26	456	0	10	362	335	303	194	196
>RUNX3_HUMAN.H11MO.0.A	RUNX3
67	64	18	2	24	1	0	0	9	140
106	196	7	2	86	0	2	27	94	18
144	33	12	493	4	498	497	18	34	87
183	207	463	3	386	1	1	455	363	255
>RXRA_HUMAN.H11MO.0.A	RXRA
127	151	78	119	122	234	101	143	118	290	174	352	33	8	24	22	454	127	198	122
112	46	44	46	121	21	72	90	173	15	34	7	5	20	17	395	18	88	62	72
204	207	303	184	188	159	240	168	168	130	278	137	455	424	150	57	19	227	157	267
57	96	75	151	69	86	87	99	41	65	14	4	7	48	309	26	9	58	83	39
>RXRB_HUMAN.H11MO.0.C	RXRB
4	3	22	1	0	1	0	25	2	10
2	10	2	0	2	0	23	1	13	4
4	13	2	23	22	1	2	0	8	8
16	0	0	2	2	24	1	0	3	4
>RXRG_HUMAN.H11MO.0.B	RXRG
102	1	5	4	653	594	633	0	1	9	4	605	191
102	0	9	584	0	3	1	0	0	12	561	4	215
346	572	50	13	0	48	19	652	596	16	49	43	67
103	80	589	52	0	8	0	1	56	616	39	1	180
>SALL4_HUMAN.H11MO.0.B	SALL4
90	67	180	6	1	10	187	3	49	59
69	129	3	1	2	81	15	1	8	12
257	239	172	486	491	402	5	494	330	407
84	65	145	7	6	7	293	2	113	22
>SIX1_HUMAN.H11MO.0.A	SIX1
98	8	236	451	496	21	109	44	52	498	38	255	42	69
9	2	22	24	2	247	196	51	7	0	74	211	294	198
103	489	24	1	1	24	23	55	423	1	153	12	20	95
290	1	218	24	1	208	172	350	18	1	235	22	144	138
>SIX2_HUMAN.H11MO.0.A	SIX2
83	13	296	426	492	28	112	80	84	496	37	276	99
6	2	20	30	5	250	184	68	13	1	80	181	266
156	476	43	11	2	34	37	55	369	1	220	14	33
255	9	141	33	1	188	167	297	34	2	163	29	102
>SMAD2_HUMAN.H11MO.0.A	SMAD2
107	22	26	2	10	61	81	16	268	24	80	46
37	37	60	483	10	108	134	450	59	402	302	131
24	427	73	4	0	302	125	14	27	55	4	54
332	14	341	11	480	29	160	20	146	19	114	269
>SMAD3_HUMAN.H11MO.0.B	SMAD3
82	55	32	108	35	106	19	233	4	16	176	36
182	136	348	2	147	156	435	59	283	456	28	136
157	84	30	7	277	53	4	11	166	7	2	247
79	225	90	383	41	185	42	197	47	21	294	81
>SMAD4_HUMAN.H11MO.0.B	SMAD4
109	153	9	23	1	1	72	96	14	354	26	67	68
223	50	5	23	488	3	105	73	467	26	346	285	104
101	26	470	88	4	1	297	184	8	46	94	32	47
64	268	13	363	4	492	23	144	8	71	31	113	278
>SMCA1_HUMAN.H11MO.0.C	SMARCA1
105	198	263	237	20	406	421	40	269	378	114	99
218	221	56	0	11	12	4	18	152	19	24	77
79	7	40	193	405	18	8	318	11	25	25	168
39	15	82	11	5	5	8	65	9	19	278	97
>SMCA5_HUMAN.H11MO.0.C	SMARCA5
15	297	206	44	54	35	338	351	50	47	10	361	240	142	21
12	50	99	23	120	47	13	14	20	4	125	5	70	28	274
366	43	83	55	135	318	30	34	45	348	263	16	87	27	74
11	14	16	282	95	4	23	5	289	5	6	22	7	207	35
>SNAI1_HUMAN.H11MO.0.C	SNAI1
1	0	5	0	0	0	0	1
2	5	0	0	0	0	0	1
1	0	0	5	5	0	5	2
1	0	0	0	0	5	0	1
>SNAI2_HUMAN.H11MO.0.A	SNAI2
200	215	1	500	0	0	0	0	2	187
36	2	499	0	0	0	0	0	281	116
213	282	0	0	500	500	0	497	105	94
51	1	0	0	0	0	500	3	112	103
>SOX10_HUMAN.H11MO.0.B	SOX10
190	444	385	240	162	139	184	146	25	25	253	14	3	27	31	69
201	32	16	16	39	82	106	74	146	399	22	37	11	10	1	91
84	16	60	125	273	251	152	161	202	23	6	18	3	463	6	90
25	8	39	119	26	28	58	119	127	53	219	431	483	0	462	250
>SOX17_HUMAN.H11MO.0.C	SOX17
57	16	20	444	2	4	12	14	68	38	66
142	403	400	8	10	59	33	11	68	145	118
213	46	2	2	5	56	310	8	138	114	98
88	35	78	46	483	381	145	467	226	203	218
>SOX2_HUMAN.H11MO.0.A	SOX2
52	18	5	8	146	0	0	8	31	23	53	51	38
114	176	321	364	5	1	0	78	9	127	206	156	198
123	131	40	5	0	1	0	404	0	104	38	68	129
211	175	134	123	349	498	500	10	460	246	203	225	135
>SOX3_HUMAN.H11MO.0.B	SOX3
17	4	6	164	0	0	3	4	9	45	55
128	337	377	5	5	0	47	1	173	220	174
183	63	3	3	2	1	448	1	157	31	114
172	96	114	328	493	499	2	494	161	204	157
>SOX4_HUMAN.H11MO.0.B	SOX4
20	9	3	53	2	1	11	6	7	14	28	60
167	266	402	15	8	6	46	10	167	287	181	190
118	61	4	5	18	13	424	7	60	44	81	103
195	164	91	427	472	480	19	477	266	155	210	147
>SOX5_HUMAN.H11MO.0.C	SOX5
9	60	0	1	3	1	4	26
22	0	2	1	2	4	3	11
11	4	5	0	62	0	1	9
27	5	62	67	2	64	61	23
>SOX9_HUMAN.H11MO.0.B	SOX9
402	440	206	107	117	117	95	33	18	201	0	0	2	6	19	28
69	2	3	25	97	129	141	214	398	39	68	0	2	1	66	283
22	28	144	304	261	169	149	128	31	7	47	0	495	0	97	35
7	30	147	64	25	85	115	125	53	253	385	500	1	493	318	154
>SP1_HUMAN.H11MO.0.A	SP1
157	96	22	29	0	2	16	5	1	33	9	30	29	72	41	57	80	44	60	59	60	84
103	50	4	4	4	0	476	0	4	1	15	433	297	56	88	83	98	133	116	72	60	93
166	334	404	466	495	497	2	493	462	457	455	7	95	231	352	340	287	293	290	314	352	304
73	19	69	0	0	0	5	1	32	8	20	29	78	140	18	19	34	29	33	54	27	18
>SP2_HUMAN.H11MO.0.A	SP2
64	90	75	77	144	87	70	148	19	6	22	16	6	50	110	52	25	100	65	91	75	61
125	123	141	159	111	50	28	27	2	10	444	9	10	43	89	302	253	95	118	129	93	163
284	261	252	210	191	328	352	315	458	478	6	449	467	392	290	109	117	196	263	232	294	247
26	25	31	53	53	34	49	9	20	5	27	25	16	14	10	36	104	108	53	47	37	28
>SP3_HUMAN.H11MO.0.B	SP3
86	73	95	115	71	50	58	1	4	97	18	3	79	40	47	47	107	83	68	76
94	91	91	91	83	31	1	4	8	261	14	6	15	55	230	152	55	70	110	100
174	197	182	161	230	265	354	406	401	21	370	362	298	305	99	131	187	214	189	187
61	54	47	48	31	69	2	4	2	36	13	44	23	15	39	85	66	48	48	52
>SP4_HUMAN.H11MO.0.A	SP4
111	133	70	202	263	173	115	171	34	18	62	28	27	176	107	99	124	163	151	166
124	74	90	125	56	13	9	10	6	2	384	8	9	15	5	298	207	39	56	71
227	231	302	124	112	274	318	307	450	467	5	427	430	283	373	71	62	182	249	215
37	61	37	48	68	39	57	11	9	12	48	36	33	25	14	31	106	115	43	47
>SPI1_HUMAN.H11MO.0.A	SPI1
212	246	343	386	326	74	361	29	1	500	499	18	34	21	227	180	199
102	50	22	14	7	34	24	0	0	0	0	85	26	61	61	91	65
127	165	84	63	59	377	112	471	499	0	0	397	20	408	166	159	129
59	39	51	37	108	15	3	0	0	0	1	0	420	10	46	70	107
>SPIB_HUMAN.H11MO.0.A	SPIB
202	230	376	359	334	82	329	38	0	500	495	11	8	2	290	232	270
93	58	16	16	7	26	37	0	0	0	0	103	4	24	53	59	59
124	174	59	87	51	386	130	462	500	0	1	385	7	471	134	157	102
81	38	49	38	108	6	4	0	0	0	4	1	481	3	23	52	69
>SRBP1_HUMAN.H11MO.0.A	SREBF1
142	137	21	10	195	16	13	83	0	420	5
57	60	9	219	6	96	43	5	7	15	156
188	276	83	266	220	310	441	15	493	22	187
113	27	387	5	79	78	3	397	0	43	152
>SRBP2_HUMAN.H11MO.0.B	SREBF2
610	406	494	350	50	122	411	260	678	59	1638	369	371
578	707	387	114	78	13	517	538	351	184	47	440	491
878	965	1332	144	2129	2202	1149	1515	26	2042	526	865	1055
276	264	129	1734	85	5	265	29	1287	57	131	668	425
>SRF_HUMAN.H11MO.0.A	SRF
17	16	19	4	0	42	17	79	0	69	25	7	5	14	21	64	22	41
27	25	20	121	123	10	7	3	1	6	3	3	1	28	77	10	20	15
12	14	52	2	1	4	4	6	1	0	1	121	125	45	20	12	28	42
75	76	40	4	7	75	103	43	129	56	102	0	0	44	13	45	61	33
>SRY_HUMAN.H11MO.0.B	SRY
11	40	8	10	0	6	21	28	37
31	4	1	1	8	0	4	10	26
15	5	4	3	98	4	4	8	3
51	59	95	94	2	98	79	62	42
>STA5A_HUMAN.H11MO.0.A	STAT5A
4	34	5	25	329	194	2	473	481	211
19	11	493	221	0	2	1	0	3	86
2	3	1	6	171	294	493	9	15	115
475	452	1	248	0	10	4	18	1	88
>STA5B_HUMAN.H11MO.0.A	STAT5B
78	4	29	5	38	0	235	10	425	485	223	95
119	13	8	478	158	0	9	2	17	1	73	127
78	4	6	3	7	212	206	469	10	13	97	70
225	479	457	14	297	288	50	19	48	1	107	208
>STAT1_HUMAN.H11MO.0.A	STAT1
101	47	66	147	43	1	4	15	19	117	134	16	472	494	290	137	29	171	67
214	284	278	178	103	8	3	482	411	152	13	7	19	1	53	98	294	131	267
60	85	55	102	50	2	6	1	1	71	341	402	5	2	116	55	124	34	69
125	84	101	73	304	489	487	2	69	160	12	75	4	3	41	210	53	164	97
>STAT2_HUMAN.H11MO.0.A	STAT2
210	175	149	302	494	472	240	119	39	486	493	497	44	52	91	384	321	301	102
55	67	5	2	2	8	84	114	1	3	0	0	343	88	57	27	50	53	146
171	225	318	185	2	9	65	70	458	10	7	2	107	8	272	56	74	94	186
64	33	28	11	2	11	111	197	2	1	0	1	6	352	80	33	55	52	66
>STAT3_HUMAN.H11MO.0.A	STAT3
84	226	57	12	7	43	1	224	174	26	395	452
212	96	170	3	1	444	435	276	8	6	86	17
114	98	52	1	40	3	0	0	307	366	2	13
90	80	221	484	452	10	64	0	11	102	17	18
>STAT4_HUMAN.H11MO.0.A	STAT4
26	0	1	10	4	6	142	33	321	478	161
176	6	5	471	276	179	54	53	165	3	94
19	1	5	2	6	89	225	290	3	8	178
279	493	489	17	214	226	79	124	11	11	67
>STAT6_HUMAN.H11MO.0.B	STAT6
7	17	42	92	39	263	131	16	471	463	212
59	19	434	120	240	90	6	3	16	5	104
36	27	8	17	162	1	346	466	9	27	162
398	437	16	271	59	146	17	15	4	5	22
>STF1_HUMAN.H11MO.0.B	NR5A1
67	27	28	3	420	459	20	13	51	11	378
123	196	220	459	58	2	1	20	225	450	33
210	90	14	28	14	36	474	457	19	4	37
100	187	238	10	8	3	5	10	205	35	52
>SUH_HUMAN.H11MO.0.A	RBPJ
158	19	26	32	81	10	105	27	492	379	208
90	148	243	157	45	1	4	2	3	9	158
180	240	106	301	13	479	365	470	4	106	111
72	93	125	10	361	10	26	1	1	6	23
>TAF1_HUMAN.H11MO.0.A	TAF1
253	376	212	265	175	45	9	162	116	35	141	90	79	151	95	136
29	23	28	48	86	16	7	326	28	32	270	32	83	206	73	69
203	78	256	180	17	419	479	4	311	416	30	322	316	94	263	264
15	23	4	7	222	20	5	8	45	17	59	56	22	49	69	31
>TAL1_HUMAN.H11MO.0.A	TAL1
51	35	17	29	93	115	107	96	77	145	59	320	1	500	2	475	411	72	145
286	74	18	135	113	113	107	105	154	85	237	16	1	0	0	1	8	82	109
80	76	360	242	162	182	193	203	159	189	164	4	498	0	1	6	74	317	207
83	315	105	94	132	90	93	96	110	81	40	160	0	0	497	18	7	29	39
>TBP_HUMAN.H11MO.0.A	TBP
42	7	121	7	128	106	115	89	59	11
81	13	0	7	9	5	3	1	5	46
23	13	7	6	6	4	29	23	74	85
3	116	21	129	6	34	2	36	11	7
>TBX21_HUMAN.H11MO.0.A	TBX21
106	106	63	163	243	94	28	24	1	73	21	297	186
100	57	92	54	26	4	147	4	1	62	81	9	94
217	156	283	165	159	346	297	4	478	60	303	157	128
71	175	56	112	66	50	22	462	14	299	89	31	86
>TBX3_HUMAN.H11MO.0.C	TBX3
134	160	248	31	5	15	7	43	66	295	178
47	72	2	0	56	3	0	92	110	11	38
148	161	73	388	354	6	407	183	178	85	169
91	27	97	1	5	396	6	102	66	29	35
>TCF7_HUMAN.H11MO.0.A	TCF7
229	226	141	147	380	15	340	57	33	480	432	450	95	120	164	222
64	121	226	240	27	341	33	10	350	6	34	1	20	107	123	95
137	95	64	79	44	137	1	14	106	3	30	36	379	243	151	98
70	58	69	34	49	7	126	419	11	11	4	13	6	30	62	85
>TEAD1_HUMAN.H11MO.0.A	TEAD1
242	97	489	2	24	2	4	267	88	81	120	215
14	380	6	4	3	466	450	21	68	193	243	97
215	20	1	1	35	18	2	7	272	169	88	58
29	3	4	493	438	14	44	205	72	57	49	130
>TEAD4_HUMAN.H11MO.0.A	TEAD4
260	142	482	8	22	10	1	212	78	119	141	234	80
9	325	5	9	9	467	422	31	70	96	188	101	85
199	28	3	5	35	9	3	11	257	214	117	62	132
32	5	10	478	434	14	74	246	95	71	54	103	203
>TF65_HUMAN.H11MO.0.A	RELA
136	239	10	3	5	278	270	120	5	4	8	12	214	163
194	39	7	0	0	5	119	9	9	90	465	467	179	109
66	65	460	490	451	198	33	2	5	0	1	3	38	167
104	157	23	7	44	19	78	369	481	406	26	18	69	61
>TF7L1_HUMAN.H11MO.0.B	TCF7L1
120	39	55	11	3	0	5	21	447	185	40	86	36
69	140	204	402	23	26	0	87	10	3	191	49	154
111	165	106	24	1	6	5	360	9	6	248	27	137
200	156	135	63	473	468	490	32	34	306	21	338	173
>TF7L2_HUMAN.H11MO.0.A	TCF7L2
49	43	10	8	1	8	16	446	126	12	49	44	62
175	272	426	16	27	0	81	6	4	212	88	128	115
154	87	8	0	16	2	390	8	8	268	25	176	180
122	98	56	476	456	490	13	40	362	8	338	152	143
>TFAP4_HUMAN.H11MO.0.A	TFAP4
71	2	496	0	5	1	0	137	28	39
257	498	0	6	487	1	0	64	29	172
32	0	0	490	8	1	499	90	181	109
140	0	4	4	0	497	1	209	262	180
>TFDP1_HUMAN.H11MO.0.C	TFDP1
176	134	165	161	48	16	37	23	4	39	416	316	240	155
70	64	55	39	57	5	437	8	23	16	10	94	59	90
199	259	208	214	391	472	7	452	469	439	65	79	127	141
55	43	72	86	4	7	19	17	4	6	9	11	74	114
>TFE2_HUMAN.H11MO.0.A	TCF3
111	251	7	497	2	2	0	4	3	253	63
247	162	490	0	163	397	1	3	374	80	116
126	85	3	0	327	101	1	492	75	28	205
16	2	0	3	8	0	498	1	48	139	116
>TFE3_HUMAN.H11MO.0.B	TFE3
149	62	10	8	449	7	71	8	6	375
20	5	13	443	5	436	9	14	1	21
226	396	20	13	9	7	380	17	454	57
72	4	424	3	4	17	7	428	6	14
>TFEB_HUMAN.H11MO.0.C	TFEB
95	73	0	0	259	0	0	0	3
9	0	0	259	0	259	0	0	2
116	186	0	0	0	0	259	0	252
39	0	259	0	0	0	0	259	2
>TGIF1_HUMAN.H11MO.0.A	TGIF1
83	2	456	39	494	44	59
16	2	1	407	1	38	223
49	494	43	45	1	412	158
352	2	0	9	4	6	60
>THA11_HUMAN.H11MO.0.B	THAP11
18	3	11	63	3	3	5	6	2	3	9	104	48	35	3	0	2	111	2	3	6	4
4	8	91	43	20	28	102	19	1	0	2	4	16	9	13	3	6	2	0	1	49	67
61	101	18	5	2	50	9	0	120	118	109	13	52	10	7	118	10	11	124	6	8	7
43	14	6	15	101	45	10	101	3	5	6	5	10	72	103	5	108	2	0	116	63	48
>THAP1_HUMAN.H11MO.0.C	THAP1
69	31	31	75	33	8	18	298	9	30	20	12	51	81	92	56	59	87	12	12	9	36
222	70	336	291	40	456	452	91	113	261	91	180	93	118	196	123	170	249	64	74	97	391
161	369	93	89	366	27	21	70	88	150	104	25	251	264	114	88	170	56	341	394	371	34
46	28	38	43	59	7	7	39	288	57	283	281	103	35	96	231	99	106	81	18	21	37
>THA_HUMAN.H11MO.0.C	THRA
29	7	8	13	10	43	11	14	8	16	62	1	0	21	3	55	9
6	6	5	10	40	6	26	18	16	33	0	6	9	2	51	10	13
31	52	48	9	19	13	15	11	8	20	8	63	58	7	15	6	33
8	9	13	42	5	12	22	31	42	5	4	4	7	44	5	3	19
>THB_HUMAN.H11MO.0.C	THRB
8	20	5	4	0	5	23	3	11	0	3	34	0	0	10	2	30
7	0	10	11	10	17	4	12	9	2	16	0	0	0	0	29	5
17	11	18	18	5	10	4	14	13	8	15	1	32	34	1	3	0
3	4	2	2	20	3	4	6	2	25	1	0	3	1	24	1	0
>TWST1_HUMAN.H11MO.0.A	TWIST1
252	35	459	5	98	1	0	13	145	142	58	30	216	390	8	46	326
133	432	7	41	349	2	4	72	37	47	133	179	145	28	17	92	18
77	14	17	91	40	1	481	266	43	35	59	45	80	44	26	17	18
35	16	14	360	10	493	12	146	272	273	247	243	56	35	446	342	135
>TYY1_HUMAN.H11MO.0.A	YY1
95	439	434	135	451	0	0	5	11	14	48	58
288	0	7	47	0	1	0	0	439	58	54	337
42	14	5	249	1	3	453	444	0	321	318	23
28	0	7	22	1	449	0	4	3	60	33	35
>USF1_HUMAN.H11MO.0.A	USF1
116	49	9	0	477	0	81	2	0	195	23	46
75	6	10	480	0	461	3	4	0	80	225	233
231	425	11	0	1	6	396	1	480	186	117	147
58	0	450	0	2	13	0	473	0	19	115	54
>USF2_HUMAN.H11MO.0.A	USF2
108	102	58	8	1	496	0	51	2	1	169	30	60	126	64	63	81	64	61
104	70	8	24	499	0	463	0	4	0	84	224	232	149	185	165	163	189	137
224	273	432	18	0	2	11	449	2	498	198	133	167	165	183	192	194	157	193
64	55	2	450	0	2	26	0	492	1	49	113	41	60	68	80	62	90	109
>VDR_HUMAN.H11MO.0.A	VDR
139	233	59	26	5	25	406	68	104	72	237	4	8	39	4	328
67	14	4	4	62	345	7	169	110	30	9	2	4	40	384	42
230	246	422	381	93	79	54	174	77	386	248	488	184	98	30	79
64	7	15	89	340	51	33	89	209	12	6	6	304	323	82	51
>VEZF1_HUMAN.H11MO.0.C	VEZF1
115	106	148	153	253	171	97	132	148	29	9	411	124	103	137	105	75	232	106	191	154	168
44	54	31	38	44	30	56	56	32	6	59	43	13	40	23	16	62	91	49	11	33	21
272	318	274	272	175	250	322	249	292	430	415	6	352	335	292	323	336	136	284	271	279	262
69	22	47	37	28	49	25	63	28	35	17	40	11	22	48	56	27	41	61	27	34	49
>WT1_HUMAN.H11MO.0.C	WT1
156	105	44	137	49	145	126	3	6	413	6	18	238	119	121	153	60	97	185	107
51	80	56	152	42	26	13	13	8	74	4	6	50	18	93	107	34	47	54	40
257	280	381	138	402	298	357	478	486	2	485	454	193	357	258	194	376	337	236	340
36	35	19	73	7	31	4	6	0	11	5	22	19	6	28	46	30	19	25	13
>Z324A_HUMAN.H11MO.0.C	ZNF324
58	193	46	12	251	307	271	31	17	290	33	15	14	30	24	81	61	69	75	35	47	76	200
60	160	70	301	123	127	79	411	389	86	45	436	444	138	96	51	143	362	95	83	231	316	95
189	117	21	71	96	31	118	28	29	31	72	23	12	21	35	153	222	31	41	237	158	37	90
193	30	363	116	30	35	32	30	65	93	350	26	30	311	345	215	74	38	289	145	64	71	115
>Z354A_HUMAN.H11MO.0.C	ZNF354A
234	38	16	20	252	127	124	34	29	284	36	7	10	289	21	312	19	32	18	336	241	31	59	76
37	57	60	116	99	45	70	267	393	75	57	10	60	125	312	50	49	44	97	40	50	16	51	59
130	29	29	32	54	238	84	32	13	38	18	15	24	46	13	62	40	27	26	67	92	38	338	41
95	372	391	328	91	86	218	163	61	99	385	464	402	36	150	72	388	393	355	53	113	411	48	320
>ZBT14_HUMAN.H11MO.0.C	ZBTB14
85	45	325	12	5	6	37	5	26
94	47	0	5	466	2	442	4	365
235	375	1	457	7	468	1	471	47
67	14	155	7	3	5	1	1	43
>ZBT17_HUMAN.H11MO.0.A	ZBTB17
92	194	140	106	100	160	70	102	119	76	36	348	99	26	116	128	264	210	129
119	78	27	40	68	64	20	13	17	3	37	100	16	8	11	4	138	31	57
218	150	270	305	286	47	406	340	342	395	425	1	269	443	363	355	68	166	254
71	78	63	49	46	229	4	45	22	26	2	51	116	23	10	13	30	93	60
>ZBT18_HUMAN.H11MO.0.C	ZBTB18
37	58	4	486	2	224	2	1	61	30	45
72	368	492	6	7	184	5	12	134	25	133
140	72	1	3	433	15	54	474	6	225	212
251	2	3	5	58	77	439	13	299	220	110
>ZBT48_HUMAN.H11MO.0.C	ZBTB48
16	146	487	0	4	5	403	51	69	128	71	91
190	150	0	0	1	7	20	253	305	81	48	157
52	11	7	500	495	488	71	108	30	237	136	196
242	193	6	0	0	0	6	88	96	54	245	56
>ZBT7A_HUMAN.H11MO.0.A	ZBTB7A
120	191	10	1	3	6	1	10	5
113	3	0	0	1	0	494	87	249
214	303	468	499	495	202	1	167	116
53	3	22	0	1	292	4	236	130
>ZBTB6_HUMAN.H11MO.0.C	ZBTB6
41	105	148	17	179	11	98	0	451	3	56	46	135
18	29	94	65	255	41	6	0	3	2	332	293	68
342	313	24	316	20	7	330	455	1	450	46	21	168
55	9	190	58	2	397	22	1	1	1	22	96	85
>ZEB1_HUMAN.H11MO.0.A	ZEB1
25	181	87	487	11	5	73	157	220	104
137	170	406	1	2	2	7	3	40	69
218	114	2	1	476	484	3	336	72	301
120	35	5	11	11	9	417	4	168	26
>ZFP28_HUMAN.H11MO.0.C	ZFP28
42	5	1	37	266	4	5	1	3	43	14	3	50	26	73	151	35	20	35	359
79	4	363	67	30	44	33	10	376	79	10	336	40	21	21	9	18	17	283	13
25	1	0	9	87	1	5	1	5	1	2	6	14	110	267	66	328	22	65	14
271	407	53	304	34	368	374	405	33	294	391	72	313	260	56	191	36	358	34	31
>ZFP42_HUMAN.H11MO.0.A	ZFP42
100	61	71	248	11	40	0	495	1	21	33	14
69	27	295	164	14	442	491	4	4	127	34	101
272	378	98	43	394	10	4	1	8	48	29	10
59	34	36	45	81	8	5	0	487	304	404	375
>ZFP82_HUMAN.H11MO.0.C	ZFP82
16	7	5	53	392	103	45	18	35	348	33	61	305	311	71	86	14	16	54	33	94	11	16	11
57	24	406	395	38	29	56	121	281	51	249	62	72	63	39	58	260	107	313	139	292	58	95	333
29	12	7	7	30	164	36	34	81	32	43	114	92	24	105	31	34	4	13	28	13	12	12	19
396	455	80	43	38	202	361	325	101	67	173	261	29	100	283	323	190	371	118	298	99	417	375	135
>ZFX_HUMAN.H11MO.0.A	ZFX
46	59	487	3	3	1	4	28	97	156
229	238	1	1	5	488	478	174	284	27
189	79	0	485	481	2	1	158	78	284
27	115	3	2	2	0	8	131	32	24
>ZIC1_HUMAN.H11MO.0.B	ZIC1
2	3	0	0	10	4	2	1	7
4	2	1	2	1	0	8	3	15
17	28	31	31	6	25	23	9	9
10	0	1	0	16	4	0	20	2
>ZIC3_HUMAN.H11MO.0.B	ZIC3
28	28	37	17	37	0	14	10	8	0	8	2	55	1	63
26	39	84	78	64	168	153	22	10	155	1	5	5	5	43
77	90	27	21	16	1	0	0	148	14	2	162	34	148	24
38	12	21	53	52	0	2	137	3	0	158	0	75	15	39
>ZIM3_HUMAN.H11MO.0.C	ZIM3
60	58	198	10	92	65	1	5	0	0	1	17	0	101	61	51	92	71	62
71	39	17	1	91	25	1	6	471	0	10	4	2	39	228	138	62	85	193
121	115	221	429	204	9	0	29	0	0	447	0	0	204	54	33	92	207	54
219	259	35	31	84	372	469	431	0	471	13	450	469	127	128	249	225	108	162
>ZKSC1_HUMAN.H11MO.0.B	ZKSCAN1
137	118	218	154	55	209	14	27	2	459	9	19	191	67	0	11	32	48	118
62	70	111	50	142	116	467	440	88	19	463	11	17	25	19	71	22	342	180
77	259	51	229	212	86	11	2	24	11	21	3	288	50	473	30	410	37	45
224	53	120	67	91	89	8	31	386	11	7	467	4	358	8	388	36	73	157
>ZN121_HUMAN.H11MO.0.C	ZNF121
13	40	6	18	45	17	402	395	21	409	19	401	11	16	218	424	11	420	14	16
446	17	6	12	33	448	45	30	365	18	107	14	17	278	39	12	10	22	391	376
14	41	466	454	405	17	30	48	44	45	146	22	446	18	213	34	458	34	19	22
13	388	8	2	3	4	9	13	56	14	214	49	12	174	16	16	7	10	62	72
>ZN134_HUMAN.H11MO.0.C	ZNF134
48	82	111	79	72	198	119	75	24	260	466	7	5	471	5	25	29	66	363	257	18	56
62	281	263	56	179	89	194	301	144	172	6	14	465	6	4	42	38	6	101	54	40	66
321	62	78	75	160	148	50	42	24	34	22	111	15	17	451	214	94	410	28	69	425	353
69	75	48	290	89	65	137	82	308	34	6	368	15	6	40	219	339	18	8	120	17	25
>ZN136_HUMAN.H11MO.0.C	ZNF136
10	44	15	6	24	53	205	5	337	34	336	68	160	341	8	8	10	10	51	52	12	22	10	21
36	14	317	18	3	15	9	48	4	100	4	18	22	7	8	17	301	15	19	1	5	82	9	6
11	275	5	2	320	287	140	5	9	6	23	275	19	13	5	14	7	12	57	290	341	2	17	321
308	32	28	339	18	10	11	307	15	225	2	4	164	4	344	326	47	328	238	22	7	259	329	17
>ZN140_HUMAN.H11MO.0.C	ZNF140
73	226	78	80	256	47	39	65	292	36	4	375	413	2	4	5	31	211	10	6	2	71	77	210
91	79	65	52	74	221	267	271	23	8	432	44	8	9	2	439	309	10	385	47	425	320	79	68
58	80	70	239	61	47	70	20	30	353	5	8	24	1	2	2	6	225	21	5	1	7	36	58
228	65	237	79	59	135	74	94	105	53	9	23	5	438	442	4	104	4	34	392	22	52	258	114
>ZN143_HUMAN.H11MO.0.A	ZNF143
121	13	53	240	18	23	61	5	8	6	15	428	220	157	21	17	30	423	22	13	17	28
27	19	291	188	119	94	348	72	4	1	2	11	48	48	48	20	14	10	19	18	210	250
208	451	129	26	24	160	50	6	483	490	476	30	173	50	40	451	54	45	450	38	30	32
144	17	27	46	339	223	41	417	5	3	7	31	59	245	391	12	402	22	9	431	243	190
>ZN214_HUMAN.H11MO.0.C	ZNF214
68	55	81	80	2	10	23	6	102	132	7	10	77	91	27	8	2	41	215	14	26	167
54	144	135	16	35	68	87	25	15	5	3	112	145	95	72	20	74	44	19	8	20	34
31	26	27	8	16	53	17	67	134	58	172	131	27	8	47	16	14	173	12	29	169	18
111	39	21	160	211	133	137	166	13	69	82	11	15	70	118	220	174	6	18	213	49	45
>ZN250_HUMAN.H11MO.0.C	ZNF250
6	283	10	0	341	2	151	1	8	14	1	2	2	2	24	188	2	11	344	2
18	1	339	354	1	80	1	339	5	3	10	10	10	3	5	6	10	12	7	314
13	67	2	1	10	4	205	1	5	342	1	3	0	10	328	149	0	23	4	10
323	9	9	5	8	274	3	19	342	1	348	345	348	345	3	17	348	314	5	34
>ZN257_HUMAN.H11MO.0.C	ZNF257
33	136	6	40	2	1	11	0	2	92	21	149
25	184	121	382	4	50	2	430	420	4	366	66
295	26	74	5	1	8	345	0	0	23	14	29
79	86	231	5	425	373	74	2	10	313	31	188
>ZN260_HUMAN.H11MO.0.C	ZNF260
36	15	12	152	28	397	5	95	42	1	9	12	61	348	0	369	60	5	425	2	3	0	9	372
17	13	11	29	111	14	115	7	5	305	10	53	312	6	6	2	84	9	0	52	2	421	418	22
8	16	27	63	50	12	6	261	391	2	4	366	2	87	2	16	291	26	8	7	1	0	1	20
382	399	393	199	254	20	317	80	5	135	420	12	68	2	435	56	8	403	10	382	437	22	15	29
>ZN263_HUMAN.H11MO.0.A	ZNF263
101	12	9	491	24	13	468	52	22	171	208	55	206	116	94	210	111	88	219	144
17	10	11	7	1	55	4	105	83	80	75	57	55	54	46	57	63	68	52	60
355	459	478	0	454	423	23	317	314	212	170	358	195	295	310	190	276	284	176	262
26	18	1	1	20	8	4	25	80	36	46	29	43	34	49	42	49	59	52	33
>ZN264_HUMAN.H11MO.0.C	ZNF264
48	116	54	31	253	145	359	335	72	16	146	72	339	3	36	387	414	7	16	58	114	327	25	38
149	175	75	143	90	77	61	22	14	10	71	409	21	404	49	32	43	82	302	278	261	68	100	197
54	41	45	85	98	56	51	38	391	439	274	13	39	77	105	53	15	19	90	83	25	45	53	42
249	168	326	241	59	222	29	105	23	35	9	6	101	16	310	28	28	392	92	81	100	60	322	223
>ZN274_HUMAN.H11MO.0.A	ZNF274
29	429	17	374	106	112	22	46	385	129	381	72	374	433	393	40	21	69	114	404
407	26	143	73	323	7	42	13	11	32	13	22	24	23	18	319	373	227	37	37
35	17	63	27	49	15	404	426	46	329	19	394	99	33	67	22	64	91	22	41
29	28	277	26	22	366	32	15	58	10	87	12	3	11	22	119	42	113	327	18
>ZN281_HUMAN.H11MO.0.A	ZNF281
111	98	82	134	6	2	39	5	13	367	62	5	17	41	187
86	43	87	37	4	2	8	2	2	53	1	0	3	8	120
221	291	245	84	467	470	432	472	465	1	357	472	454	421	131
64	50	68	227	5	8	3	3	2	61	62	5	8	12	44
>ZN317_HUMAN.H11MO.0.C	ZNF317
80	341	177	78	138	371	5	350	70	60	187	35	432	14	59	49	53	30	44	313
20	22	103	27	14	30	416	10	10	359	19	3	6	293	24	42	261	48	268	47
338	69	50	58	241	29	6	34	355	12	19	409	9	9	15	32	19	40	59	50
17	23	125	292	62	25	28	61	20	24	230	8	8	139	357	332	122	337	84	45
>ZN320_HUMAN.H11MO.0.C	ZNF320
29	18	41	9	8	173	42	51	231	113	40	7	13	20	125	132	212	178	32	46
20	9	18	5	7	12	282	355	138	11	5	1	2	13	328	272	24	26	102	25
361	189	359	441	440	149	59	24	23	286	348	447	446	418	4	21	70	202	62	340
51	245	43	6	6	127	78	31	69	51	68	6	0	10	4	36	155	55	265	50
>ZN322_HUMAN.H11MO.0.B	ZNF322
56	220	40	74	21	32	137	41	43	350	3	206	6	208	14	23	42	49	37	128
46	40	25	298	420	44	21	160	62	68	458	35	169	41	7	384	352	41	59	84
333	77	342	21	6	19	290	218	48	18	3	77	279	44	420	22	18	71	317	187
30	128	58	72	18	370	17	46	312	29	1	147	11	172	24	36	53	304	52	66
>ZN329_HUMAN.H11MO.0.C	ZNF329
5	5	34	4	341	7	14	119	317	53	2	9	191	23	135	7	2	0	4	328
353	29	0	1	2	4	318	216	21	25	352	233	32	52	9	345	355	1	3	27
2	1	277	356	11	22	19	9	13	271	1	5	96	25	175	1	1	1	354	4
1	326	50	0	7	328	10	17	10	12	6	114	42	261	42	8	3	359	0	2
>ZN331_HUMAN.H11MO.0.C	ZNF331
36	135	49	143	33	23	6	15	3	6	384	2	7	100	67	29	61	71	59	54
7	24	344	4	5	1	0	402	7	422	6	2	416	30	1	7	24	118	21	17
398	281	7	19	407	399	449	0	0	5	11	450	3	14	374	402	338	26	331	373
17	18	58	292	13	35	3	41	448	25	57	4	32	314	16	20	35	243	47	14
>ZN335_HUMAN.H11MO.0.A	ZNF335
30	6	8	2	1	5	1	1	20	15	28	11	24	19	28	3	2	2	4	4	10	49
2	8	64	22	4	35	94	60	19	36	22	28	56	8	46	14	4	90	95	5	11	16
60	78	17	2	87	10	3	2	30	23	36	51	6	49	16	0	84	1	0	5	72	4
11	11	14	77	11	53	5	40	34	29	17	13	17	27	13	86	13	10	4	89	10	34
>ZN341_HUMAN.H11MO.0.C	ZNF341
103	143	110	119	145	143	130	176	112	115	158	108	203	143	52	40	429	349	50	391	3	68
68	82	65	65	78	37	114	37	47	80	30	76	66	20	7	34	22	5	163	14	14	367
256	236	277	286	243	276	238	235	293	237	273	297	141	262	426	404	44	142	273	56	471	54
72	38	47	29	33	43	17	51	47	67	38	18	89	74	14	21	4	3	13	38	11	10
>ZN350_HUMAN.H11MO.0.C	ZNF350
105	250	31	43	33	24	38	1	3	25	260	116	122	239	24	20	161	214
240	22	78	178	287	267	70	9	14	56	95	18	32	91	341	335	98	66
96	115	283	79	28	27	9	8	9	31	59	38	217	43	53	28	55	121
59	113	108	200	152	182	383	482	474	388	86	328	129	127	82	117	186	99
>ZN382_HUMAN.H11MO.0.C	ZNF382
92	34	215	78	34	189	33	13	41	26	3	320	33	10	179	283	10	57	17	27	59	14
44	54	18	20	27	40	62	385	30	21	2	2	79	11	7	56	22	10	83	399	143	392
314	38	145	333	316	223	24	8	68	428	6	72	335	8	260	92	10	338	77	8	11	15
28	352	100	47	101	26	359	72	339	3	467	84	31	449	32	47	436	73	301	44	265	57
>ZN384_HUMAN.H11MO.0.C	ZNF384
5	0	39	39	39	39	39	14	5	9	4	6
5	16	0	0	0	0	0	10	12	16	8	13
26	23	0	0	0	0	0	14	6	7	17	15
3	0	0	0	0	0	0	1	16	7	10	5
>ZN394_HUMAN.H11MO.0.C	ZNF394
108	136	306	206	106	115	56	252	229	106	114	62	229	183	145	66	93	280	275	46
92	53	4	13	23	0	73	76	61	17	84	70	40	100	5	10	25	22	9	38
103	165	9	114	57	195	218	7	29	77	101	179	16	22	27	233	178	46	51	120
60	9	44	30	177	53	16	28	44	163	64	52	78	58	186	54	67	15	28	159
>ZN418_HUMAN.H11MO.0.C	ZNF418
26	19	108	13	1	16	29	291	9	5	5	110	90	78	40	103	64
6	8	272	28	25	221	143	9	17	335	278	60	323	114	51	188	235
21	457	9	4	11	29	11	178	317	12	1	70	59	6	143	119	82
447	16	111	455	463	234	317	22	157	148	216	260	28	302	266	90	119
>ZN436_HUMAN.H11MO.0.C	ZNF436
27	10	258	146	42	12	412	250	20	81	0	10	5	0	35	16	26	17	462	57	5	442	77	14
38	415	154	47	9	1	24	6	3	29	485	12	27	476	409	51	0	7	2	0	1	17	0	1
57	18	13	226	422	470	32	222	460	366	0	5	41	1	5	8	447	449	8	428	478	6	408	464
363	42	60	66	12	2	17	7	2	9	0	458	412	8	36	410	12	12	13	0	1	20	0	6
>ZN449_HUMAN.H11MO.0.C	ZNF449
87	28	26	20	18	1	5	23	14	59	12
70	5	9	141	6	0	1	56	472	17	139
97	430	442	3	24	497	491	410	4	29	130
246	37	23	336	452	2	3	11	10	395	219
>ZN467_HUMAN.H11MO.0.C	ZNF467
148	49	27	1	474	92	16	149	89	208	205	146	122	180	142	145	178	125	130	162	177	144
12	2	11	9	12	4	9	8	32	52	61	36	38	26	28	31	24	33	40	31	42	52
324	424	457	487	2	395	464	335	366	204	210	295	322	267	310	289	264	320	316	287	257	270
15	24	4	2	11	8	10	7	12	35	23	22	17	26	19	34	33	21	13	19	23	33
>ZN490_HUMAN.H11MO.0.C	ZNF490
15	65	146	18	2	8	1	3	1	1	4	213	416	40	209	2	428	93	2	430	20	418	20	158
24	8	5	5	7	271	4	425	22	3	2	11	2	4	1	428	0	0	427	0	34	1	182	228
13	333	174	403	13	4	2	2	0	6	422	5	8	365	219	0	2	337	1	0	127	10	3	8
378	24	105	4	408	147	423	0	407	420	2	201	4	21	1	0	0	0	0	0	249	1	225	36
>ZN502_HUMAN.H11MO.0.C	ZNF502
11	135	132	4	3	5	138	111	9	3	11	132	133	2	16	2	138	141	4	6
4	6	2	9	0	7	0	31	5	69	4	2	1	11	0	2	1	0	3	92
128	1	4	1	140	131	2	2	0	63	124	1	9	2	127	139	0	2	6	41
1	2	6	130	1	1	4	0	130	9	5	9	1	129	1	1	5	1	131	5
>ZN528_HUMAN.H11MO.0.C	ZNF528
76	76	103	265	62	17	22	361	339	1	17	54	329	8	8	2	4	13	34	197
175	163	169	20	10	1	1	5	5	2	199	310	10	54	48	56	353	65	101	49
60	66	57	65	271	352	348	3	24	360	29	3	24	8	8	54	2	6	173	61
60	66	42	21	28	1	0	2	3	8	126	4	8	301	307	259	12	287	63	64
>ZN547_HUMAN.H11MO.0.C	ZNF547
57	27	15	110	284	369	61	2	1	166	103	6	319	132	92	43	254	63	175	20
48	40	345	33	67	12	89	22	400	66	11	370	39	41	30	326	33	97	26	326
51	308	1	33	38	18	14	227	1	26	267	8	6	211	244	14	74	82	159	33
249	30	44	229	16	6	241	154	3	147	24	21	41	21	39	22	44	163	45	26
>ZN549_HUMAN.H11MO.0.C	ZNF549
289	67	28	22	478	36	30	311	361	52	94	91	12	75	27	420	13	9	313	70
31	60	67	367	6	18	91	62	17	168	119	2	7	37	462	11	36	420	97	227
31	95	33	8	6	118	308	88	90	18	18	392	475	382	4	26	442	49	29	77
149	278	372	103	10	328	71	39	32	262	269	15	6	6	7	43	9	22	61	126
>ZN554_HUMAN.H11MO.0.C	ZNF554
120	30	172	22	343	71	8	0	389	87	89	60	207	70	109	69	80	191	63	92
47	412	57	32	5	19	285	493	30	136	101	80	20	59	49	60	62	53	327	77
300	3	77	423	142	408	23	0	45	120	216	84	218	351	188	228	137	212	45	72
33	55	194	23	10	2	184	7	36	157	94	276	55	20	154	143	221	44	65	259
>ZN563_HUMAN.H11MO.0.C	ZNF563
120	47	82	139	11	3	175	50	79	177	55	132	89	17	16	358	134	9	93	27	77
64	52	81	134	41	444	243	90	156	69	314	149	13	59	395	97	62	447	85	90	201
221	317	235	125	73	4	11	76	136	149	85	16	313	341	84	4	269	9	50	333	33
94	83	101	101	374	48	70	283	128	104	45	202	84	82	4	40	34	34	271	49	188
>ZN582_HUMAN.H11MO.0.C	ZNF582
40	36	176	190	7	6	6	189	86	10	20	28	161	160	7	11	2	252	209	45	7	230	135	27
124	5	45	5	1	4	87	11	45	9	89	2	2	92	10	0	136	3	32	6	145	7	7	190
89	172	35	16	54	210	153	13	50	11	72	225	94	5	7	248	121	1	17	86	36	16	9	21
7	47	4	49	198	40	14	47	79	230	79	5	3	3	236	1	1	4	2	123	72	7	109	22
>ZN586_HUMAN.H11MO.0.C	ZNF586
462	6	7	12	6	7	451	19	9	466	3	10	353	399	443	384	472	423	4	7
0	0	4	414	419	56	2	0	1	0	0	0	6	56	3	4	0	2	14	0
9	465	458	5	3	8	16	453	462	4	466	457	109	4	4	74	0	47	3	464
1	1	3	41	44	401	3	0	0	2	3	5	4	13	22	10	0	0	451	1
>ZN667_HUMAN.H11MO.0.C	ZNF667
69	117	49	39	22	73	31	42	270	339	229	382	33	34	20	23	233	47	50
84	54	34	166	417	231	61	119	157	54	53	27	27	394	97	347	150	162	360
280	86	313	245	29	23	66	90	23	58	211	26	400	27	18	72	31	170	40
67	243	104	50	32	173	342	249	50	49	7	65	40	45	365	58	86	121	50
>ZN680_HUMAN.H11MO.0.C	ZNF680
26	189	18	95	88	19	14	304	188	2	302	283	33	304	247	1	66	290	24	22
202	14	115	7	38	275	284	0	6	3	2	0	3	0	15	9	14	4	0	9
11	96	22	203	34	0	4	3	108	303	1	25	271	4	10	7	183	6	283	268
70	10	154	4	149	15	7	2	7	1	4	1	2	1	37	292	46	9	2	10
>ZN708_HUMAN.H11MO.0.C	ZNF708
61	74	85	76	209	201	73	215	233	99	55	336	3	6	13	339	2	331	14	30
48	161	179	68	60	27	47	61	30	13	112	0	1	15	151	8	313	2	2	300
208	79	54	39	43	88	72	54	85	196	93	15	353	334	2	9	7	22	340	9
42	45	41	176	47	43	167	29	11	51	99	8	2	4	193	3	37	4	3	20
>ZN768_HUMAN.H11MO.0.C	ZNF768
85	285	107	56	50	116	6	417	3	406	12	406	28	15	4	39	255	307	19	51
58	37	6	15	327	102	412	2	6	6	7	7	16	8	32	74	55	10	27	97
241	76	283	343	13	2	5	0	415	10	404	8	369	390	121	75	96	83	354	67
40	26	28	10	34	204	1	5	0	2	1	3	11	11	267	236	18	24	24	209
>ZN770_HUMAN.H11MO.0.C	ZNF770
111	62	23	461	16	14	20	61	57	314	72	94	83	161	52	79	318	45	105	277	44	50
47	12	11	3	0	6	429	141	40	35	29	44	197	35	47	46	23	22	49	93	68	243
259	410	455	21	469	464	28	22	383	120	374	315	100	235	370	349	111	414	324	83	125	109
73	6	1	5	5	6	13	266	10	21	15	37	110	59	21	16	38	9	12	37	253	88
>ZN816_HUMAN.H11MO.0.C	ZNF816
240	257	237	162	248	254	77	30	4	3	9	424	40	270	28	22	83	181	87	49	45
62	56	56	59	52	38	20	2	0	1	0	1	350	68	35	12	195	77	21	32	35
78	81	92	135	87	91	225	392	416	426	421	3	31	45	76	365	36	63	241	330	318
50	36	45	74	43	47	108	6	10	0	0	2	9	47	291	31	116	109	81	19	32
>ZNF18_HUMAN.H11MO.0.C	ZNF18
147	2	9	11	28	3	476	393	13	125	45	104
7	4	0	3	1	7	14	8	292	116	134	89
307	494	5	485	44	490	3	65	84	48	241	206
39	0	486	1	427	0	7	34	111	211	80	101
>ZNF41_HUMAN.H11MO.0.C	ZNF41
89	249	37	260	248	24	39	137	331	155	79	151	184	124	87	19	338	13	81	290	41	34	247	54
175	35	252	22	3	7	12	3	3	26	69	76	41	13	75	260	2	318	242	4	17	60	16	29
44	46	25	49	87	304	275	208	10	163	41	71	89	174	144	41	6	16	8	43	40	226	42	228
41	19	35	18	11	14	23	1	5	5	160	51	35	38	43	29	3	2	18	12	251	29	44	38
>ZNF76_HUMAN.H11MO.0.C	ZNF76
142	129	110	11	53	261	8	21	39	16	10	3	11	436	229	160	31	32	39	350	52	24
54	61	20	12	298	176	115	99	343	101	5	4	2	12	50	58	60	50	57	29	35	46
265	222	224	461	121	25	30	173	77	3	480	480	479	26	180	77	89	395	86	97	394	82
37	86	144	14	26	36	345	205	39	378	3	11	6	24	39	203	318	21	316	22	17	346
>ZNF85_HUMAN.H11MO.0.C	ZNF85
312	132	297	86	311	313	277	270	76	73	95	310	254	15	43	487	433	5	19	87
58	64	50	51	50	99	44	29	279	17	2	164	15	3	46	6	48	23	457	70
69	81	52	327	93	55	152	51	86	74	401	16	29	477	188	4	1	11	8	11
61	223	101	36	46	33	27	150	59	336	2	10	202	5	223	3	18	461	16	332
>ZNF8_HUMAN.H11MO.0.C	ZNF8
16	63	5	1	4	8	411	8	341	14	53	6	399	7	300	33	349	318	20	39	33	385
22	13	13	0	1	19	3	124	9	19	345	319	4	59	15	326	44	11	29	5	7	9
15	338	1	414	411	2	2	6	67	10	9	0	6	15	49	9	17	70	24	359	372	16
364	3	398	2	1	388	1	279	0	374	10	92	8	336	53	49	7	18	344	14	5	7
>ZSC22_HUMAN.H11MO.0.C	ZSCAN22
145	90	64	59	152	29	410	65	40	12	258	57	9	340	31	33
48	54	72	301	86	4	7	30	2	4	148	4	2	112	3	23
208	306	125	86	44	441	48	260	430	456	42	409	456	10	436	403
75	26	215	30	194	2	11	121	4	4	28	6	9	14	6	17
>ZSC31_HUMAN.H11MO.0.C	ZSCAN31
115	25	36	265	29	19	288	10	20	43	21	271	122	28	65	274	47	152
22	22	306	61	16	364	17	6	11	9	368	55	38	37	48	47	38	43
212	253	40	24	350	13	79	386	351	344	13	37	193	103	97	63	109	179
58	107	25	57	12	11	23	5	25	11	5	44	54	239	197	23	213	33